torch.Size([1, 256, 8, 8])
0.0078125
128
128;128;128;128;128;128;128;128;
128;128;128;128;128;128;128;128;
128;128;128;128;128;128;128;128;
128;128;128;128;128;128;128;128;
128;128;128;128;128;128;128;128;
128;128;128;128;128;128;128;128;
128;128;128;128;128;128;128;128;
128;128;128;128;128;128;128;128;
128;128;128;128;128;128;128;128;
128;128;128;128;128;128;128;128;
128;128;128;141;128;128;128;128;
137;128;128;128;128;128;128;128;
128;128;128;137;154;129;128;145;
128;128;128;128;128;128;128;128;
152;128;128;128;128;128;128;128;
174;128;128;128;128;128;128;136;
128;128;128;128;128;128;128;128;
128;128;128;128;128;128;128;128;
128;128;128;128;128;128;128;128;
128;128;128;128;128;128;128;128;
128;128;128;128;128;128;128;128;
128;128;128;128;128;128;128;128;
128;128;128;128;128;128;128;128;
128;128;128;128;128;128;128;128;
131;147;153;145;129;128;128;148;
128;128;131;136;131;129;128;139;
128;128;134;128;128;128;128;128;
128;128;140;128;128;128;128;128;
128;128;134;128;129;135;130;142;
128;136;133;128;128;130;128;143;
128;141;128;128;128;128;128;135;
140;154;144;135;149;142;141;142;
128;128;128;128;128;128;128;128;
128;128;128;128;128;128;128;128;
128;128;128;128;128;128;128;128;
128;128;128;128;128;128;128;128;
128;128;128;128;128;128;128;128;
128;128;128;128;128;128;128;128;
128;128;128;128;128;128;128;128;
128;128;128;128;128;128;128;128;
128;128;128;128;128;128;128;128;
128;128;128;128;128;128;128;128;
128;128;128;128;128;128;128;128;
128;128;128;128;128;128;128;128;
128;128;128;128;128;128;128;128;
128;128;128;128;128;128;128;128;
128;128;128;128;128;128;128;128;
128;128;128;128;128;128;128;128;
128;128;128;128;128;128;128;128;
128;128;128;128;128;128;128;128;
128;128;128;128;128;128;128;128;
128;128;128;128;128;128;128;128;
128;128;128;128;128;128;128;128;
128;128;128;128;128;128;128;128;
128;128;128;128;128;128;128;128;
128;128;128;128;128;128;128;128;
128;128;128;128;128;128;138;128;
128;128;128;128;128;128;128;129;
128;128;128;128;146;128;128;128;
128;128;128;128;128;128;128;128;
128;128;128;128;128;128;128;128;
128;128;128;128;128;128;128;147;
128;128;128;137;128;128;128;158;
128;128;128;179;146;128;137;140;
128;128;128;128;128;128;128;128;
128;128;128;128;128;128;128;128;
128;128;128;128;128;128;128;128;
128;128;128;128;128;128;128;128;
128;128;128;128;128;128;128;128;
128;128;128;128;128;128;128;128;
128;128;128;128;128;128;128;128;
128;128;128;128;128;128;128;128;
128;128;128;128;128;128;128;128;
128;128;128;128;128;128;128;128;
128;128;128;128;128;128;128;128;
128;128;128;128;128;128;128;128;
128;128;128;128;128;128;128;128;
128;128;128;128;128;128;128;128;
128;128;128;128;128;128;128;128;
128;128;128;128;128;128;128;128;
128;128;128;128;128;128;128;128;
128;128;128;128;128;128;128;128;
128;128;128;128;128;128;128;128;
128;128;128;128;128;128;128;128;
128;128;128;128;128;128;128;128;
128;128;128;128;128;128;128;128;
128;128;128;128;128;128;128;128;
128;128;128;128;128;128;128;128;
128;128;128;128;128;128;128;128;
128;128;128;128;128;128;128;128;
128;128;128;128;128;128;128;128;
128;128;128;128;128;128;128;128;
128;128;128;128;128;128;128;128;
128;128;128;128;128;128;128;128;
128;128;128;128;128;128;128;128;
128;128;128;128;128;128;128;128;
128;128;128;128;128;128;128;128;
128;128;128;128;128;128;128;128;
128;128;129;128;133;134;128;128;
128;128;128;128;128;128;128;128;
128;128;128;128;128;128;128;128;
128;128;128;128;128;128;128;128;
128;128;128;128;128;128;128;128;
128;128;128;128;128;128;128;128;
128;128;128;128;128;128;128;128;
128;128;128;128;128;128;128;128;
128;128;128;128;128;128;128;128;
128;128;128;128;128;128;128;128;
128;128;128;128;128;128;128;128;
128;128;128;128;128;128;128;128;
128;128;128;128;128;128;128;128;
128;128;128;128;128;128;128;128;
128;128;128;128;128;128;128;128;
128;128;128;128;128;128;128;128;
128;128;128;128;128;128;128;128;
128;128;128;128;128;128;128;128;
128;128;128;128;128;128;128;128;
128;128;128;128;128;128;128;128;
128;128;128;128;128;128;128;128;
128;128;128;128;128;128;128;128;
128;147;148;128;128;128;128;155;
128;128;128;128;128;128;128;128;
128;137;138;128;128;128;128;128;
128;128;128;128;128;128;128;128;
128;128;128;128;128;128;128;130;
128;148;128;129;135;128;128;133;
136;166;132;128;128;128;128;137;
154;138;135;128;142;154;143;144;
128;128;128;128;128;128;128;128;
128;128;128;128;128;128;128;128;
128;128;128;128;128;128;128;128;
128;128;128;128;128;128;128;128;
128;128;128;128;128;128;128;128;
128;128;128;128;128;128;128;128;
128;128;128;128;128;128;128;128;
128;128;128;128;128;128;128;128;
128;128;129;128;156;133;128;128;
128;128;128;128;134;128;128;128;
128;128;128;128;128;128;128;128;
128;128;128;145;128;128;128;128;
128;128;128;128;128;128;128;128;
128;128;129;128;128;128;128;128;
128;128;138;128;128;128;128;128;
128;128;128;128;128;128;128;128;
128;128;128;128;128;128;128;128;
128;128;128;128;128;128;128;128;
128;128;136;147;150;134;128;128;
128;128;128;128;128;128;128;128;
128;128;128;128;128;128;128;128;
128;128;128;128;128;131;128;128;
128;128;128;128;133;147;130;128;
128;128;128;128;128;128;128;128;
128;128;128;128;128;128;128;128;
128;128;128;128;128;128;128;128;
128;128;128;128;128;128;128;128;
128;128;128;128;128;128;128;128;
128;128;128;128;128;128;128;128;
128;128;128;128;128;128;128;128;
128;128;128;128;128;128;128;128;
128;128;128;128;128;128;128;128;
128;128;128;128;128;128;128;128;
128;128;128;128;128;128;128;142;
128;150;128;128;128;128;128;128;
150;169;128;128;131;128;128;128;
153;175;140;128;128;128;130;133;
128;128;128;128;128;128;128;128;
128;128;128;128;128;128;128;128;
128;128;128;128;128;128;129;128;
128;128;128;128;128;128;128;128;
128;128;128;128;128;129;128;128;
128;128;128;128;128;128;128;128;
128;128;128;128;128;128;128;128;
128;128;128;128;128;128;128;128;
128;128;128;128;128;128;128;128;
128;128;128;128;128;128;128;128;
128;128;128;128;139;132;128;128;
165;128;128;128;146;161;128;142;
137;128;128;128;128;140;128;128;
128;128;128;128;142;153;128;128;
150;128;128;128;173;141;128;130;
178;129;128;128;128;130;130;144;
138;128;128;128;128;128;128;138;
128;128;128;128;128;128;128;128;
128;128;128;152;128;134;128;132;
128;128;128;128;128;128;128;128;
128;128;128;128;128;128;128;128;
128;128;128;128;128;128;128;128;
128;128;128;128;128;128;128;128;
128;128;128;128;128;128;128;128;
128;128;128;128;128;128;128;128;
128;128;128;128;128;128;128;128;
128;158;128;129;128;128;128;128;
128;169;162;128;128;137;141;137;
128;128;128;128;128;128;128;128;
128;128;128;128;128;128;128;128;
128;131;128;128;128;128;128;128;
150;151;128;128;128;128;128;128;
158;171;128;128;128;128;135;138;
128;131;128;128;128;128;128;128;
128;129;128;128;128;128;128;128;
128;128;128;128;128;128;128;128;
128;128;128;128;128;128;128;128;
128;128;128;128;128;128;128;128;
128;128;130;128;128;128;128;128;
128;128;128;131;131;133;134;128;
128;128;128;128;128;128;128;128;
128;128;128;128;128;128;128;128;
128;128;128;128;128;128;128;128;
128;128;128;128;128;128;128;128;
128;128;128;128;128;128;128;128;
128;131;128;128;188;173;128;128;
128;128;128;142;137;133;128;128;
140;128;128;128;128;128;128;128;
128;128;128;128;128;128;128;128;
128;128;128;128;128;128;128;128;
141;128;128;143;128;138;131;135;
128;130;141;142;128;128;128;128;
128;128;128;139;128;128;128;128;
128;128;128;128;128;128;128;128;
128;128;128;128;128;128;128;128;
128;128;128;156;129;129;128;128;
128;128;128;128;128;128;128;128;
128;128;128;128;128;128;128;128;
128;128;128;128;128;128;128;128;
128;128;128;128;128;128;128;128;
128;128;128;128;128;128;128;128;
128;128;128;128;128;128;128;128;
128;128;128;128;128;128;128;128;
128;128;128;128;128;128;128;128;
128;128;128;128;128;128;128;128;
128;128;128;128;128;128;128;128;
128;128;128;128;128;128;128;128;
128;128;128;128;128;128;128;128;
128;128;128;128;128;128;128;128;
128;128;128;128;128;128;128;128;
128;128;128;128;128;128;128;128;
128;128;128;128;128;128;128;128;
128;128;128;128;128;128;128;128;
128;128;128;128;128;128;128;128;
128;128;128;128;128;128;128;128;
132;128;128;132;128;128;128;128;
130;128;128;128;128;128;128;128;
149;146;128;128;136;139;128;128;
128;128;128;128;128;128;128;128;
128;128;128;128;128;128;128;128;
128;128;128;128;128;128;128;128;
128;128;128;128;128;128;129;141;
128;128;128;133;136;128;128;128;
128;128;128;128;128;128;128;128;
128;128;128;133;128;128;128;128;
132;140;134;141;135;129;131;128;
128;128;128;128;128;128;128;128;
128;128;128;128;128;128;128;128;
128;128;128;128;128;128;128;128;
128;128;128;128;128;128;128;128;
128;128;128;128;128;128;128;128;
128;128;128;128;128;128;128;128;
128;128;128;128;128;128;128;128;
128;128;128;128;128;128;128;128;
128;128;128;128;128;128;128;128;
128;128;128;128;128;128;128;128;
128;128;128;128;128;128;128;128;
128;128;128;128;128;128;128;128;
128;128;128;128;128;128;128;128;
138;128;131;128;146;131;128;155;
128;128;128;128;128;128;128;128;
128;128;128;128;128;128;128;128;
128;128;128;128;128;128;128;128;
128;128;128;128;128;128;128;128;
128;128;128;128;128;142;138;128;
128;128;128;128;128;128;128;128;
128;128;128;128;128;128;128;128;
128;128;128;128;128;128;128;128;
128;128;128;128;128;128;128;128;
128;128;128;128;128;128;128;128;
128;128;128;128;128;128;128;128;
128;128;128;128;128;128;128;128;
128;128;128;128;128;128;128;128;
128;128;128;128;128;128;128;128;
128;128;128;128;128;128;128;128;
128;128;128;128;128;128;128;128;
128;128;128;128;128;128;128;128;
128;128;128;135;128;143;128;128;
128;128;128;128;128;138;129;128;
128;128;128;128;128;128;128;128;
128;128;128;128;128;128;128;128;
128;128;128;128;128;128;128;128;
128;128;128;136;128;128;128;128;
128;128;128;128;128;128;128;128;
128;128;128;128;128;128;128;128;
128;128;128;128;128;128;128;128;
128;128;128;128;128;128;128;128;
128;128;128;128;128;128;128;128;
128;128;128;128;128;128;128;128;
128;128;128;128;128;128;128;128;
128;128;128;128;128;128;128;128;
137;143;159;136;128;128;128;132;
128;160;128;128;128;128;128;128;
128;141;128;128;128;128;128;128;
128;128;128;128;128;128;128;128;
128;128;128;144;135;128;128;136;
128;128;128;128;128;128;132;149;
128;128;128;128;128;128;133;153;
135;128;128;128;144;148;132;142;
129;128;128;128;128;128;128;128;
129;128;128;128;128;128;128;128;
140;128;128;128;128;128;128;128;
132;128;128;128;142;128;128;135;
136;128;144;138;151;140;155;136;
158;163;128;128;130;128;128;128;
161;139;128;128;129;133;128;131;
129;128;128;131;143;160;148;147;
128;128;128;128;128;128;128;128;
128;128;128;128;128;128;128;128;
128;128;128;128;128;128;128;128;
128;128;128;128;128;128;128;128;
128;128;128;128;128;128;128;128;
128;128;128;128;128;128;128;128;
128;128;128;128;128;128;128;128;
128;128;128;128;128;128;128;128;
128;128;128;128;128;129;128;155;
128;144;147;163;152;138;128;128;
128;130;189;185;128;128;129;128;
128;128;138;156;128;128;128;128;
129;138;128;128;128;128;128;128;
128;128;128;128;128;128;128;128;
128;128;128;143;128;128;128;128;
162;128;128;128;128;128;128;128;
128;128;128;128;128;128;128;133;
138;128;128;128;142;130;164;135;
152;131;128;132;128;128;152;128;
143;128;128;147;134;128;128;128;
128;128;128;128;135;128;128;128;
128;128;128;128;128;128;128;128;
128;128;128;128;128;128;128;133;
129;131;128;128;128;128;128;128;
128;128;128;128;128;128;128;128;
128;133;128;128;128;128;128;128;
128;143;131;128;128;128;128;128;
128;128;128;128;128;128;128;137;
128;128;128;128;128;128;128;138;
128;128;128;128;128;128;128;128;
128;128;128;128;128;128;128;128;
128;128;128;128;128;128;128;128;
128;128;128;128;128;128;128;128;
128;128;128;128;128;128;128;128;
128;128;128;128;128;128;128;128;
128;128;128;128;128;128;128;128;
128;128;128;128;128;128;128;128;
128;128;128;128;128;128;128;128;
128;128;128;128;128;128;128;128;
128;128;128;128;128;128;128;128;
128;128;128;128;128;128;128;128;
128;128;128;128;128;128;128;128;
128;128;128;128;128;128;128;128;
128;128;128;128;128;128;128;128;
128;128;128;128;128;128;128;128;
128;128;128;128;128;128;128;128;
128;128;128;128;128;128;128;128;
128;128;128;128;128;128;128;128;
128;128;128;128;128;128;128;128;
128;128;128;128;128;128;128;128;
128;128;128;128;128;128;128;128;
128;128;128;128;128;128;128;128;
128;128;128;128;128;128;128;128;
128;128;128;128;128;128;128;128;
128;128;128;128;128;128;128;128;
128;128;128;128;128;128;128;128;
128;128;128;128;128;128;128;128;
128;128;128;128;128;128;128;128;
128;128;128;128;128;128;128;128;
128;128;128;128;128;128;141;128;
141;128;128;143;161;148;157;144;
144;128;128;128;129;128;128;128;
128;128;128;128;128;128;128;128;
128;128;128;128;128;128;128;128;
128;128;128;128;128;128;128;128;
128;128;128;128;128;128;128;128;
128;128;128;128;128;128;128;128;
128;128;128;128;128;128;128;128;
128;128;128;128;128;128;128;128;
128;128;128;128;128;128;128;128;
128;128;128;128;128;128;128;128;
128;128;128;128;128;128;128;128;
128;128;128;128;128;128;128;128;
128;128;128;128;128;128;128;128;
128;128;128;128;128;128;128;128;
128;128;128;128;128;128;128;128;
128;128;128;128;128;128;128;128;
128;128;128;128;128;128;128;128;
128;128;128;128;128;128;128;128;
128;128;128;128;128;128;128;128;
128;128;128;128;128;128;128;128;
128;128;128;128;128;128;128;128;
128;128;128;128;128;128;128;128;
128;128;128;128;128;128;128;128;
128;128;128;128;128;128;128;128;
128;128;128;128;128;128;128;128;
128;128;128;128;128;128;128;128;
128;128;128;128;128;128;128;128;
128;128;128;128;128;128;128;128;
128;128;128;128;128;128;128;128;
128;128;128;128;128;128;128;128;
128;128;128;128;128;128;128;128;
128;128;140;128;128;128;128;128;
128;128;128;128;128;128;128;128;
128;128;128;128;128;128;128;128;
128;128;128;128;128;128;128;128;
128;128;128;128;128;128;128;128;
128;128;128;128;128;128;128;128;
128;128;128;128;128;128;128;128;
128;128;128;128;128;128;128;128;
128;128;128;128;128;128;128;128;
128;128;128;128;128;128;128;128;
128;128;128;128;128;128;128;128;
128;128;128;128;128;128;128;128;
128;128;128;128;128;128;128;128;
128;128;128;128;128;128;128;128;
128;128;128;128;128;128;128;128;
128;128;128;128;128;128;128;128;
128;128;128;129;128;153;128;128;
128;128;128;128;128;128;128;128;
128;128;128;128;128;128;128;128;
130;128;128;128;128;128;128;128;
133;145;140;128;128;128;128;137;
128;128;128;144;128;128;128;128;
128;128;128;128;128;128;128;128;
128;128;128;128;128;128;128;128;
128;128;128;128;128;128;128;128;
128;128;128;153;153;128;128;128;
128;128;128;140;144;143;128;128;
128;128;128;139;133;128;128;128;
128;128;128;128;128;128;128;128;
128;128;128;128;128;128;128;128;
128;128;128;128;128;137;128;128;
128;128;128;128;128;128;128;128;
128;128;128;128;128;128;128;128;
128;128;128;128;128;128;128;128;
128;128;128;128;128;128;136;162;
131;128;128;129;154;169;175;180;
128;128;128;128;128;128;128;128;
128;128;128;128;128;128;128;128;
128;128;128;128;128;128;128;128;
128;128;128;128;128;128;128;128;
128;128;128;128;128;128;128;128;
128;128;128;128;128;128;128;128;
128;128;128;128;128;128;128;128;
128;128;130;128;128;128;128;128;
128;128;128;128;128;128;128;128;
128;128;128;128;128;128;128;128;
128;128;128;128;128;128;128;128;
128;128;128;128;128;128;128;128;
128;128;128;128;128;128;128;128;
128;128;128;128;128;128;128;128;
128;128;128;128;128;128;128;128;
128;128;128;128;128;128;128;128;
128;128;128;128;128;128;128;128;
128;128;128;128;128;128;128;128;
128;128;128;128;128;128;128;128;
128;128;128;128;128;128;128;128;
128;128;128;128;128;128;128;128;
128;128;128;128;128;128;128;128;
128;128;128;128;128;128;128;128;
128;128;128;128;128;128;128;128;
128;128;128;132;128;128;128;128;
128;128;128;128;128;128;128;128;
128;128;128;128;128;128;128;128;
128;128;128;128;128;128;128;128;
128;128;140;128;128;128;128;128;
128;140;164;155;152;137;133;128;
128;183;175;136;132;128;128;128;
128;172;159;128;128;128;128;128;
128;128;128;128;128;128;128;128;
128;128;128;128;128;128;128;128;
128;128;128;128;128;128;128;128;
128;128;128;128;128;128;128;128;
128;128;128;128;128;128;128;128;
128;128;128;128;128;128;128;128;
128;128;128;128;128;128;128;128;
128;128;128;128;128;128;128;128;
128;128;128;128;128;128;128;128;
128;128;128;128;128;128;128;128;
128;128;128;128;128;128;128;128;
128;128;128;128;128;128;128;128;
128;128;128;128;128;128;128;128;
128;128;128;128;128;128;128;128;
128;128;128;128;128;128;128;128;
128;128;128;128;128;128;128;128;
128;128;128;128;128;128;128;128;
128;128;128;128;128;128;128;128;
128;128;128;128;128;128;128;128;
128;128;128;128;128;128;128;128;
128;128;128;128;128;128;128;128;
128;128;128;128;128;128;128;128;
128;128;128;128;128;128;128;128;
128;128;128;128;128;128;128;128;
128;134;128;128;128;128;128;128;
128;129;128;128;128;140;128;132;
145;149;128;128;128;137;128;128;
152;133;128;128;128;128;128;128;
145;128;128;128;128;128;128;128;
128;128;128;128;128;128;128;128;
128;128;128;128;128;128;128;128;
128;128;128;128;128;128;128;128;
128;128;128;128;128;128;128;128;
128;128;128;128;128;128;128;128;
128;128;128;128;128;128;128;128;
128;128;128;128;128;128;128;128;
128;128;128;128;128;128;128;128;
128;128;128;128;128;128;128;128;
128;128;128;128;128;128;128;128;
128;128;128;128;128;128;128;128;
128;128;128;128;128;128;128;128;
128;128;128;128;128;128;128;128;
128;128;128;128;128;128;128;128;
128;128;128;128;128;128;128;128;
128;128;128;128;128;128;128;128;
128;128;128;128;128;128;128;128;
128;128;128;128;128;128;128;128;
128;128;128;128;128;128;128;128;
128;128;128;128;128;128;128;128;
128;128;128;128;128;128;128;128;
128;128;128;128;128;128;128;128;
128;128;128;128;128;128;128;128;
128;128;128;128;128;128;128;128;
128;128;128;128;128;128;128;128;
128;128;128;128;128;128;128;128;
128;128;128;128;128;128;128;128;
128;147;147;135;128;131;128;128;
128;128;128;128;128;128;128;128;
128;128;128;128;128;128;128;128;
128;128;132;128;128;128;128;128;
128;128;128;128;128;128;128;128;
128;128;128;128;128;128;128;128;
128;128;128;128;128;128;128;128;
128;130;128;137;149;145;143;140;
128;128;128;128;128;128;128;128;
128;128;128;128;128;128;128;128;
128;128;128;128;128;128;128;128;
128;128;128;128;128;128;128;128;
128;128;128;128;128;128;128;128;
128;128;128;128;128;128;128;128;
128;128;128;128;128;128;128;128;
128;128;128;128;128;128;128;128;
128;128;128;128;128;128;128;128;
128;128;128;128;130;135;128;128;
128;143;128;128;128;143;132;128;
128;138;128;128;128;128;128;128;
128;128;128;128;128;128;128;128;
128;128;128;128;128;128;128;128;
128;128;128;128;128;128;128;128;
135;128;128;128;137;131;128;128;
128;128;128;128;128;128;128;128;
128;128;128;128;128;128;128;128;
128;128;128;128;128;128;128;128;
128;128;128;128;128;128;128;128;
128;128;128;128;128;128;128;128;
128;128;128;128;128;128;128;128;
128;128;128;128;128;128;128;128;
128;128;128;128;128;128;128;128;
128;128;152;132;128;128;128;138;
128;128;128;128;128;128;128;128;
128;128;128;128;128;128;128;128;
128;128;128;132;128;154;128;128;
128;136;136;159;156;173;133;132;
146;189;170;143;141;136;128;128;
138;148;146;128;128;149;141;128;
128;128;128;128;135;151;143;151;
128;128;135;128;130;128;128;128;
136;128;128;128;128;128;128;128;
157;130;148;153;128;128;128;128;
148;128;179;172;150;128;128;128;
131;138;164;160;168;159;128;128;
128;151;152;128;128;128;128;128;
128;128;128;128;128;128;128;128;
128;128;128;128;128;128;128;128;
128;128;128;128;128;128;128;128;
128;128;128;128;128;128;128;128;
128;128;128;128;128;128;128;128;
128;128;128;128;128;128;128;128;
128;128;128;128;128;128;128;128;
128;128;128;128;128;128;128;128;
128;128;128;128;128;128;128;128;
128;128;128;128;128;128;128;128;
128;128;128;128;128;128;128;128;
128;128;128;128;128;128;128;128;
128;128;128;128;128;128;128;128;
128;128;128;128;128;128;128;128;
128;128;128;128;128;128;128;128;
128;128;128;128;128;128;128;128;
128;128;128;128;128;128;128;128;
128;128;128;128;128;128;128;128;
128;128;128;128;128;128;128;128;
128;128;128;128;128;128;128;128;
128;128;128;128;128;128;128;128;
128;128;128;128;128;128;128;128;
128;128;128;128;128;128;128;128;
128;128;128;128;128;128;128;128;
128;128;128;128;128;128;128;128;
128;128;128;128;128;128;128;128;
128;128;128;128;128;128;128;128;
128;128;128;128;128;128;128;128;
128;128;128;128;128;128;128;128;
128;128;128;128;128;128;128;128;
128;128;128;128;128;128;128;128;
128;128;128;128;128;128;128;128;
128;128;128;128;128;128;128;128;
128;128;128;128;128;128;128;128;
128;128;128;128;128;128;128;128;
128;128;128;128;128;128;128;128;
128;128;128;128;128;128;128;128;
128;128;128;128;128;128;128;128;
128;128;128;128;128;128;128;128;
128;128;128;128;128;128;128;128;
128;128;128;128;128;128;128;128;
128;128;128;128;128;128;128;128;
128;128;128;128;128;128;128;128;
128;128;128;128;128;128;128;128;
128;128;128;128;128;128;128;128;
128;128;128;128;128;128;128;128;
128;128;128;128;128;128;128;128;
128;128;128;128;128;128;128;128;
128;128;128;128;128;128;128;128;
128;128;128;128;128;128;128;128;
128;128;128;128;128;128;128;128;
128;128;128;128;128;128;128;128;
128;128;128;128;128;128;128;128;
128;128;128;128;128;128;128;128;
128;128;128;128;128;128;128;128;
128;128;128;128;128;128;128;128;
128;128;128;128;128;128;128;128;
128;128;128;128;128;128;128;128;
128;128;128;128;128;128;128;128;
128;128;128;128;128;128;128;128;
128;128;128;128;128;128;128;128;
128;128;128;128;128;128;128;128;
128;128;128;128;128;128;128;128;
128;128;128;128;128;128;128;128;
128;128;128;128;128;128;128;128;
128;128;128;128;128;128;128;128;
128;128;128;128;128;128;128;128;
128;128;128;128;128;128;128;128;
128;128;128;128;128;128;128;128;
128;128;128;128;128;128;128;128;
128;128;128;128;128;128;128;128;
128;128;128;128;128;128;128;128;
128;128;128;128;128;128;128;128;
128;128;128;128;128;128;128;128;
139;128;128;136;128;128;128;128;
141;128;131;128;134;128;128;128;
128;128;128;128;128;128;128;128;
128;128;128;128;128;128;128;128;
128;128;128;128;128;128;128;128;
128;128;128;143;134;135;128;128;
128;128;128;138;128;128;128;128;
154;128;128;128;128;128;128;128;
128;128;128;128;128;128;128;128;
128;128;128;128;128;128;128;128;
128;128;128;128;128;128;128;128;
128;128;128;128;128;128;128;128;
128;128;128;128;128;128;128;128;
128;128;128;128;128;128;128;128;
128;128;128;128;128;128;128;128;
128;128;128;128;128;128;128;128;
128;128;128;128;128;130;139;128;
128;128;128;128;128;128;128;128;
128;128;128;128;128;128;128;128;
128;128;128;128;142;128;128;153;
159;128;128;128;128;128;128;157;
144;128;128;128;128;128;128;147;
128;128;128;128;128;128;128;142;
128;128;128;149;143;137;128;144;
128;128;128;128;128;128;128;128;
128;128;128;128;128;128;128;128;
128;128;128;128;128;128;128;128;
128;128;128;128;128;128;128;128;
128;128;128;128;128;128;128;128;
128;128;128;128;128;128;128;128;
128;128;128;128;128;128;128;128;
128;128;128;128;128;128;128;128;
128;128;128;128;128;128;128;131;
128;128;144;163;128;128;128;128;
152;143;154;146;132;145;128;135;
157;134;137;128;128;128;128;128;
138;132;153;128;128;128;128;128;
128;128;128;128;128;128;128;131;
128;128;128;128;128;128;128;128;
128;141;151;142;138;128;128;132;
128;128;128;128;128;128;128;128;
128;128;128;128;128;128;128;128;
128;128;128;128;128;128;128;128;
128;128;128;128;128;128;128;128;
128;128;128;128;128;128;128;128;
128;128;128;128;128;128;128;128;
128;128;128;128;128;128;128;128;
128;128;128;128;128;128;128;128;
128;128;128;128;128;128;128;128;
128;128;128;128;139;128;128;128;
128;128;128;128;129;141;128;128;
128;128;128;128;128;128;128;128;
128;128;128;141;150;147;128;139;
128;128;128;128;142;156;146;147;
128;128;128;128;128;132;129;128;
128;128;128;128;152;140;128;128;
128;128;128;128;128;128;128;128;
128;128;128;128;128;128;128;128;
128;128;128;128;128;128;128;128;
128;128;128;128;128;128;128;128;
128;128;128;128;128;128;128;128;
128;128;128;128;128;128;128;128;
128;128;128;128;128;128;128;128;
128;128;128;128;128;128;128;128;
132;128;128;128;128;128;128;128;
128;128;128;128;128;128;128;128;
128;128;136;137;128;128;128;128;
128;128;128;128;128;128;128;128;
128;128;128;129;128;128;128;128;
128;128;128;128;128;128;128;128;
128;128;128;128;128;135;128;128;
128;135;128;138;128;146;138;129;
128;128;128;128;128;128;128;128;
128;128;128;128;128;128;128;128;
128;128;128;128;128;128;128;128;
128;128;128;128;128;128;128;128;
128;128;128;128;128;128;128;128;
128;128;128;128;128;128;128;128;
128;128;128;128;128;128;128;128;
128;128;128;128;128;128;128;128;
128;128;128;128;128;128;128;128;
128;128;128;128;128;128;128;128;
128;128;128;128;128;128;128;128;
128;128;128;128;128;128;128;128;
128;128;128;128;128;128;128;128;
128;128;128;128;128;128;128;128;
128;128;128;128;128;128;128;128;
128;128;128;128;128;128;128;128;
128;128;128;128;128;128;128;128;
128;128;128;128;128;128;128;128;
128;128;128;128;128;128;128;128;
128;128;128;128;128;128;128;128;
128;128;128;128;128;128;128;128;
128;128;128;128;128;128;128;128;
128;128;128;128;128;128;128;128;
128;128;128;128;128;128;128;128;
128;128;128;128;128;128;128;128;
128;128;128;128;128;128;128;128;
128;128;128;128;128;128;128;128;
128;128;128;128;128;128;128;128;
128;128;128;128;128;128;128;128;
128;128;128;128;128;128;128;128;
128;128;128;128;128;128;128;128;
128;128;128;128;128;128;128;128;
128;128;128;128;139;157;130;128;
132;128;131;159;183;203;138;128;
130;128;128;128;129;128;128;128;
128;128;128;128;128;128;128;128;
128;128;128;128;128;128;128;128;
128;128;128;128;128;128;128;128;
128;128;128;128;128;128;128;128;
128;128;128;128;128;128;128;128;
128;128;128;128;128;128;129;128;
128;128;128;128;128;128;128;128;
128;128;128;128;128;128;128;128;
128;128;128;128;128;128;128;128;
128;128;128;128;128;128;128;128;
140;128;128;128;128;128;128;128;
128;128;128;128;128;128;128;128;
128;128;128;128;128;128;128;128;
128;128;128;128;128;128;128;128;
128;128;128;128;128;128;128;128;
128;128;128;128;128;128;128;128;
128;128;128;128;128;128;128;128;
128;128;128;128;128;128;128;128;
128;128;128;128;128;128;128;128;
128;128;128;128;128;128;128;128;
128;128;128;128;128;128;128;128;
128;128;128;128;128;128;128;128;
128;128;128;128;128;128;128;128;
128;128;128;128;128;128;128;128;
128;128;128;128;128;128;128;128;
128;128;128;128;128;128;128;128;
128;128;128;128;128;128;128;128;
128;128;128;128;128;128;128;128;
128;128;128;128;128;128;128;128;
128;128;128;128;128;128;128;128;
128;128;128;128;128;128;128;128;
128;128;128;128;128;128;128;128;
128;128;128;128;128;128;157;128;
128;128;128;180;154;172;166;128;
128;128;135;162;132;128;128;128;
128;128;128;128;128;128;128;128;
145;131;153;128;128;128;128;128;
128;128;128;128;128;128;128;128;
128;128;128;128;128;128;128;128;
128;128;128;128;128;128;128;128;
128;128;128;128;128;128;128;128;
128;128;128;128;128;128;128;128;
128;128;128;128;128;128;128;128;
128;128;128;128;128;128;128;128;
128;128;128;128;128;128;128;128;
128;128;128;128;128;128;128;128;
128;128;128;128;128;128;128;128;
128;128;128;128;128;128;128;128;
128;128;128;128;128;128;128;128;
128;128;128;128;128;128;128;128;
128;128;128;128;128;128;128;128;
128;128;128;128;128;128;128;128;
128;128;128;128;128;128;128;128;
128;128;128;128;128;145;128;128;
128;128;134;128;128;134;128;128;
128;128;128;128;128;128;128;128;
128;128;128;128;128;128;128;128;
128;128;128;133;128;128;128;128;
135;143;128;128;128;128;128;128;
128;128;128;128;128;128;128;128;
128;128;128;128;128;128;128;128;
128;128;128;128;128;128;128;128;
128;128;128;128;128;128;128;128;
128;128;128;128;128;128;128;128;
128;128;128;128;128;128;128;128;
128;128;128;128;128;128;128;128;
128;128;128;128;128;128;128;128;
128;128;128;128;128;128;128;128;
128;128;128;128;128;128;128;128;
128;128;128;128;128;128;128;128;
128;128;128;128;128;128;128;128;
128;128;128;128;128;128;128;128;
128;128;128;128;128;128;128;128;
128;128;128;128;128;128;128;128;
128;128;128;128;128;128;128;128;
128;128;128;128;128;128;128;128;
128;128;128;128;128;128;128;128;
128;128;128;128;128;128;128;128;
128;128;128;128;128;128;128;128;
128;128;128;128;128;128;128;128;
128;128;128;128;128;128;128;128;
128;128;128;128;128;128;128;128;
128;128;128;128;128;128;128;128;
128;128;128;128;128;128;128;128;
128;128;128;128;128;128;128;128;
128;128;128;128;134;135;148;138;
143;162;160;128;138;133;128;130;
146;155;140;128;128;128;128;137;
153;144;135;128;128;128;128;128;
145;128;128;128;128;128;128;128;
135;128;128;128;128;128;128;138;
137;128;128;128;128;128;128;128;
134;128;128;128;128;128;128;128;
128;128;128;128;128;128;128;128;
128;128;128;128;128;128;128;128;
128;128;128;128;128;128;128;128;
128;128;128;128;128;128;128;128;
128;128;128;128;128;128;128;128;
128;128;128;128;128;128;128;128;
128;128;128;128;128;128;128;128;
128;128;128;128;128;128;128;128;
155;154;164;195;142;128;136;149;
141;150;128;128;128;128;128;143;
128;147;128;128;128;128;128;135;
128;129;128;128;128;128;128;128;
128;150;172;150;128;128;128;128;
128;169;160;128;128;128;128;159;
128;160;128;128;128;128;128;143;
146;128;128;128;128;128;128;129;
128;128;128;128;128;128;128;128;
128;128;128;128;128;128;128;128;
128;128;128;128;128;128;128;128;
128;128;128;128;128;128;128;128;
128;128;128;128;128;128;128;128;
128;128;128;128;128;128;128;128;
128;128;128;128;128;128;128;128;
128;128;128;128;128;128;128;128;
128;128;128;128;128;128;128;128;
148;154;139;128;128;128;128;128;
137;140;144;132;128;128;128;128;
128;128;128;128;128;128;128;128;
128;128;128;128;128;128;128;128;
128;128;128;128;128;128;128;128;
128;128;128;128;128;128;128;128;
128;128;128;128;128;128;128;128;
128;128;128;128;128;128;128;145;
128;128;128;128;128;128;128;137;
128;128;128;128;128;128;128;128;
131;128;136;128;128;128;128;128;
128;128;128;128;128;128;128;128;
128;128;128;128;128;128;128;128;
128;128;128;128;128;128;128;128;
128;128;128;128;128;128;128;128;
128;128;128;128;128;128;128;128;
128;128;128;128;128;128;128;128;
128;128;128;128;128;128;128;128;
128;128;128;128;128;128;128;128;
128;128;128;128;128;128;128;128;
128;128;128;128;128;128;128;128;
128;128;128;128;128;128;128;128;
128;128;128;128;128;128;128;128;
128;128;128;128;128;128;128;128;
128;128;128;128;128;128;128;128;
128;128;128;128;128;128;128;128;
128;128;128;128;128;128;128;128;
128;128;128;128;128;128;128;128;
128;128;128;128;128;128;128;128;
128;128;128;128;128;128;128;128;
128;128;128;128;128;128;128;128;
128;128;128;128;128;128;128;128;
128;128;128;128;128;128;128;128;
128;128;128;128;128;128;128;128;
128;128;128;128;128;128;128;128;
128;128;128;128;128;128;128;128;
128;128;128;128;128;128;128;128;
128;128;128;128;128;128;128;128;
128;128;128;128;128;128;128;128;
128;128;128;128;128;128;128;128;
128;128;128;128;128;128;128;128;
128;128;128;128;128;128;128;128;
128;128;128;128;128;128;128;128;
138;128;128;128;128;128;128;128;
128;128;128;128;133;128;128;128;
128;128;128;128;128;133;128;128;
128;128;128;128;128;128;128;128;
128;128;128;128;128;128;128;128;
128;128;128;128;128;128;128;128;
128;128;128;128;128;128;128;128;
128;128;128;128;128;128;128;128;
128;128;128;128;128;128;128;128;
128;128;128;128;128;128;128;128;
128;128;128;128;128;128;128;128;
128;128;128;128;128;128;128;128;
128;128;128;128;128;128;128;128;
128;128;128;128;128;128;128;128;
128;128;128;128;128;128;128;128;
128;128;128;128;128;128;128;128;
128;128;128;128;128;128;128;128;
128;128;128;128;128;128;128;128;
128;128;128;128;128;128;128;128;
128;128;128;128;128;128;128;128;
128;128;128;128;128;128;128;128;
128;128;128;128;128;128;128;128;
128;128;128;128;128;128;128;128;
128;128;128;128;128;128;128;128;
128;128;128;139;128;128;128;128;
128;128;128;128;128;128;128;128;
128;128;128;128;128;128;128;128;
128;128;128;128;128;128;128;128;
128;128;128;128;128;128;128;128;
128;128;128;128;128;128;128;128;
128;128;128;128;128;128;128;128;
128;128;128;128;128;128;128;128;
128;128;128;128;128;128;128;128;
128;128;128;128;128;128;128;128;
128;128;128;128;128;128;128;128;
128;128;128;128;128;128;128;128;
128;128;128;128;128;128;128;128;
128;128;128;128;128;128;128;128;
128;128;128;128;128;128;128;128;
128;128;128;128;128;128;132;128;
128;128;128;128;128;128;128;128;
128;128;128;128;128;128;128;128;
128;128;128;128;128;128;128;128;
128;131;128;128;128;128;128;128;
128;128;128;128;128;128;128;128;
128;128;128;128;128;128;128;128;
128;128;128;128;128;128;128;128;
128;128;128;128;128;128;128;128;
128;128;128;128;128;128;128;128;
128;128;128;128;128;128;128;128;
128;128;128;128;128;128;128;128;
128;128;128;128;128;128;128;128;
163;133;128;128;128;128;128;128;
141;128;128;128;128;128;128;128;
128;128;128;128;128;128;128;128;
128;128;128;135;128;128;128;128;
128;128;128;128;128;128;128;132;
128;128;128;128;128;128;128;134;
128;128;128;128;128;128;128;128;
128;128;128;128;128;128;129;128;
128;128;128;128;128;128;128;128;
128;128;128;128;128;128;128;128;
128;128;128;128;128;128;128;128;
128;128;128;128;128;128;128;128;
128;128;128;128;128;128;128;128;
128;128;128;128;128;128;128;128;
128;128;128;128;128;128;128;128;
128;128;128;128;128;128;128;128;
128;128;128;128;128;128;128;128;
128;128;128;128;128;128;128;128;
128;128;128;128;128;128;128;128;
128;128;128;128;128;128;128;128;
128;128;128;128;128;128;128;128;
128;128;128;128;128;128;128;128;
128;128;128;128;128;128;128;128;
128;128;128;128;128;128;128;128;
128;128;128;128;128;128;128;128;
128;128;128;128;128;128;128;128;
128;128;128;128;128;128;128;128;
128;128;128;128;128;128;128;128;
128;128;128;128;139;144;152;135;
128;128;130;164;182;172;154;131;
133;136;133;145;158;134;132;128;
128;128;128;128;128;128;128;128;
128;128;128;128;128;128;128;128;
128;128;128;128;128;128;128;128;
128;128;128;128;128;128;128;128;
128;128;128;128;128;128;128;128;
128;128;128;128;128;128;128;128;
128;128;128;128;128;128;128;128;
128;128;128;128;128;128;128;128;
128;128;128;128;128;128;128;128;
128;131;138;128;128;128;128;128;
128;128;128;128;128;128;128;134;
128;128;128;128;128;128;128;138;
128;128;128;128;128;128;128;152;
128;128;128;128;128;128;128;164;
128;128;128;128;128;128;128;128;
128;128;128;128;128;131;128;128;
128;128;128;128;128;128;128;128;
128;128;128;128;128;128;128;128;
161;164;128;128;128;128;128;128;
148;128;128;128;128;128;128;128;
128;128;128;128;128;128;128;128;
128;128;141;128;128;135;128;128;
128;128;128;128;128;128;128;128;
128;128;128;128;128;128;128;128;
128;128;128;128;130;128;128;128;
128;128;128;128;130;128;128;128;
128;128;128;128;128;128;128;128;
128;128;128;128;128;128;128;128;
128;128;128;128;128;128;128;128;
128;128;128;128;128;128;128;128;
128;128;128;128;128;136;136;132;
128;128;128;128;128;128;128;128;
128;128;128;128;128;128;128;128;
128;128;129;131;128;130;128;128;
128;128;128;128;150;196;148;128;
128;128;128;128;153;154;128;128;
128;128;128;128;128;128;128;128;
128;128;128;128;128;128;128;128;
128;128;128;128;128;128;128;128;
128;128;128;128;128;128;128;128;
128;128;128;128;128;128;128;128;
128;128;128;128;128;128;128;128;
128;128;128;128;128;128;128;128;
128;128;128;128;128;128;128;128;
128;128;128;128;128;128;128;128;
128;128;128;128;128;128;128;128;
128;128;128;128;128;128;128;128;
128;128;128;128;128;128;128;128;
128;128;128;128;128;128;128;128;
128;128;128;128;128;128;128;128;
128;128;128;128;128;128;128;128;
128;128;128;128;128;128;128;128;
128;128;128;128;128;128;128;128;
128;128;128;128;128;128;128;128;
128;128;128;128;128;128;128;128;
128;128;128;128;128;128;128;128;
128;128;128;128;128;128;128;128;
148;165;167;148;141;160;147;128;
128;142;140;128;128;128;128;128;
128;128;128;128;128;128;128;128;
130;128;128;128;163;134;128;128;
156;128;128;128;128;128;128;128;
134;128;128;128;128;128;128;128;
128;128;128;128;128;128;128;128;
128;128;128;128;128;134;147;128;
128;128;128;128;128;128;138;128;
128;147;153;145;160;149;147;128;
147;139;148;147;154;141;143;128;
142;128;128;132;146;135;156;128;
152;128;128;128;128;128;145;128;
146;128;128;128;128;128;135;138;
128;128;128;128;144;129;131;134;
128;128;128;143;134;128;128;128;
128;128;128;128;128;128;128;128;
128;128;128;132;128;128;128;128;
128;128;128;128;128;128;128;128;
131;140;130;128;128;128;128;128;
128;128;128;138;128;128;128;128;
128;128;128;128;128;128;128;128;
128;128;128;128;139;135;128;128;
128;128;128;128;130;128;128;128;
153;128;170;159;128;128;128;172;
141;128;188;135;128;128;128;128;
136;128;137;128;128;128;128;128;
128;128;128;128;148;128;128;128;
133;128;128;128;141;131;128;134;
130;128;128;128;128;128;128;138;
128;128;128;128;128;128;128;138;
170;147;168;183;156;157;155;166;
128;128;128;128;132;128;133;128;
128;128;128;128;128;128;159;128;
128;128;128;128;166;187;194;143;
128;128;128;128;156;171;158;128;
136;128;128;128;136;128;128;128;
163;128;128;128;128;128;128;128;
157;128;128;128;128;128;128;128;
128;128;128;128;128;128;128;128;
128;128;128;128;128;128;128;128;
128;128;128;128;128;128;128;128;
128;128;128;128;128;128;128;128;
128;128;128;128;128;128;128;128;
128;128;128;128;128;128;128;128;
128;128;128;128;128;128;128;128;
128;128;128;128;128;128;128;128;
128;128;128;128;128;128;128;128;
128;128;128;128;128;128;128;128;
128;128;128;128;128;128;128;128;
128;128;128;128;128;128;128;128;
128;128;128;128;128;128;128;128;
128;128;128;128;128;128;128;128;
128;128;128;128;128;128;128;128;
128;128;128;128;128;128;128;128;
128;128;128;128;128;128;128;128;
128;128;128;128;128;128;128;128;
128;128;128;128;128;128;128;128;
128;128;128;128;128;128;128;128;
128;128;128;128;128;128;128;128;
128;128;128;128;128;128;128;128;
128;128;128;128;128;128;128;128;
128;128;128;128;128;128;128;128;
128;128;128;128;128;128;128;128;
128;128;128;128;128;128;128;128;
128;128;128;128;128;128;128;128;
128;128;128;128;128;128;128;128;
128;128;128;128;128;128;128;128;
128;128;128;128;128;128;128;128;
128;128;128;128;128;128;128;128;
128;128;128;128;128;128;128;128;
128;128;128;128;128;128;128;128;
128;128;128;128;128;128;128;128;
128;128;128;128;128;128;128;128;
128;128;128;128;128;128;128;135;
128;135;132;145;136;128;128;160;
128;128;128;128;128;128;128;144;
128;128;128;128;128;128;128;128;
128;150;128;128;128;128;128;128;
160;223;149;128;128;128;128;128;
128;128;128;128;128;128;128;128;
128;128;128;128;128;128;128;128;
128;128;128;128;128;128;128;128;
128;128;128;128;128;128;128;128;
128;128;128;128;128;128;128;128;
128;128;128;128;128;128;128;128;
128;128;128;128;128;128;128;128;
128;128;128;128;128;128;128;128;
128;128;128;128;128;128;128;128;
128;128;128;128;128;128;128;128;
128;128;128;128;128;128;128;128;
128;128;128;128;128;128;128;128;
128;128;128;128;128;128;128;128;
128;128;128;128;128;128;128;128;
128;128;128;128;128;128;128;128;
128;128;128;128;128;128;128;128;
128;128;128;128;128;128;128;128;
128;128;128;128;128;128;128;128;
128;128;128;128;128;128;128;128;
128;128;128;128;128;128;128;128;
128;128;128;128;128;128;128;128;
128;128;128;128;128;128;128;128;
128;128;128;128;128;128;128;128;
128;128;128;128;128;128;128;128;
128;128;128;128;128;128;128;128;
128;128;128;128;128;128;128;128;
128;128;128;128;128;128;128;128;
128;128;128;131;129;128;140;128;
128;128;128;146;170;128;128;128;
136;128;128;128;128;128;128;128;
157;128;128;133;128;128;128;128;
128;128;128;128;128;128;128;128;
143;135;167;165;182;180;162;153;
129;128;161;128;128;128;128;128;
128;128;128;128;128;128;128;128;
128;128;128;128;128;128;128;128;
166;128;128;128;128;128;128;128;
144;128;128;128;128;128;128;128;
128;128;128;128;128;128;128;128;
128;128;128;128;128;128;128;128;
128;128;128;128;128;128;128;128;
128;128;128;128;128;128;128;128;
128;128;128;128;128;128;128;128;
128;128;128;128;128;128;128;128;
128;128;128;128;128;128;128;128;
128;128;128;128;128;128;128;128;
128;128;128;128;128;128;128;128;
128;128;128;128;128;128;128;128;
128;128;128;128;128;128;128;128;
128;128;128;128;128;128;128;128;
128;128;128;128;128;128;128;128;
128;128;128;128;128;128;128;128;
128;128;128;128;128;128;128;128;
128;128;128;128;128;128;128;128;
128;128;128;128;128;128;128;128;
128;128;128;128;128;128;128;128;
128;128;128;128;128;128;128;128;
128;128;128;128;128;128;128;128;
128;128;128;128;128;128;128;128;
128;128;128;128;128;128;128;128;
128;128;128;128;128;128;128;128;
128;128;128;128;128;128;128;128;
128;128;128;128;128;128;128;128;
128;128;128;128;128;128;128;128;
128;128;128;128;128;128;128;128;
128;128;128;128;128;128;128;128;
128;128;128;128;128;128;128;128;
128;128;128;128;128;128;128;128;
128;128;128;128;128;128;128;128;
128;128;128;128;128;128;128;128;
128;128;128;128;128;128;128;128;
128;128;128;128;128;128;128;128;
128;128;128;128;128;128;128;128;
128;128;128;128;128;128;128;128;
128;128;128;128;128;128;128;128;
128;128;128;128;128;128;128;128;
128;128;128;128;128;128;128;128;
128;128;128;128;128;128;128;128;
128;128;128;128;128;128;128;128;
128;128;128;128;128;128;128;128;
128;128;128;128;128;128;128;128;
128;128;128;128;128;128;128;128;
128;128;128;128;128;128;128;128;
128;128;128;128;128;128;128;128;
128;128;128;128;128;128;128;128;
128;128;128;128;128;128;128;128;
128;128;128;128;128;128;128;128;
128;128;128;128;128;128;128;128;
128;128;128;128;128;128;128;128;
128;128;128;128;128;128;128;128;
128;128;128;128;128;128;128;128;
128;128;128;128;128;128;128;128;
128;128;128;128;128;128;128;128;
128;128;128;128;128;128;128;128;
128;128;128;128;128;128;128;128;
128;128;128;128;128;128;128;128;
128;128;128;133;128;128;128;128;
128;128;128;128;128;128;128;154;
128;128;128;128;128;128;128;178;
128;128;128;128;128;133;128;140;
128;128;128;128;128;139;128;128;
128;128;152;157;128;128;128;128;
128;130;129;128;128;128;128;128;
128;173;140;128;128;128;128;128;
128;128;128;128;149;138;128;138;
128;128;128;128;128;128;128;128;
149;128;128;128;128;128;128;128;
183;128;128;128;155;128;128;128;
152;128;128;148;169;128;128;128;
128;128;128;128;128;128;128;128;
128;128;128;128;128;128;128;128;
128;128;128;128;129;134;128;131;
128;128;128;128;128;128;128;128;
128;128;128;128;128;128;128;128;
128;132;128;128;128;128;128;128;
128;132;128;128;128;128;128;128;
128;132;128;128;128;128;128;128;
128;157;142;128;128;128;128;128;
128;163;145;128;128;128;128;128;
128;141;138;128;128;128;128;128;
128;128;128;128;128;128;128;128;
128;128;128;128;128;128;128;128;
128;128;128;128;128;128;128;128;
128;128;128;128;128;128;128;128;
128;128;128;128;128;128;128;128;
128;128;128;128;128;128;128;128;
128;128;128;128;128;128;128;128;
128;128;128;128;128;128;128;128;
128;128;128;128;128;128;128;128;
128;128;128;128;129;128;128;128;
128;128;128;128;128;128;128;128;
128;128;128;128;128;128;128;128;
128;128;128;128;128;128;128;128;
128;128;131;136;128;128;128;128;
128;128;145;152;135;128;128;128;
128;129;128;128;128;128;128;128;
128;128;128;128;128;128;128;133;
128;128;128;128;128;134;128;128;
135;128;128;128;182;181;128;128;
128;128;128;128;128;144;128;128;
128;128;128;128;128;128;128;128;
128;128;128;128;128;128;128;131;
128;128;128;128;128;128;128;128;
128;128;131;131;128;128;128;128;
128;128;128;128;128;128;128;128;
128;128;128;128;128;128;128;128;
128;128;128;128;128;128;128;128;
128;128;128;128;128;128;128;128;
128;128;128;128;128;128;128;128;
128;128;128;128;128;128;128;128;
128;128;128;128;128;128;128;128;
128;128;128;128;128;128;128;128;
128;128;128;128;128;128;128;128;
128;128;128;128;128;128;128;128;
128;128;128;128;128;128;128;128;
128;128;128;128;128;128;128;128;
128;128;128;128;128;128;128;128;
128;128;128;128;128;128;128;128;
128;128;128;128;128;128;128;128;
128;128;128;128;128;128;128;128;
128;128;128;128;128;128;128;128;
128;128;128;128;128;128;128;128;
128;128;128;130;128;128;128;128;
128;128;128;128;128;128;128;128;
128;128;128;128;128;128;128;128;
128;128;128;128;128;128;128;128;
128;128;128;128;128;128;128;128;
128;128;128;128;128;128;128;128;
128;130;128;128;128;128;147;128;
128;128;128;128;128;128;128;128;
128;128;128;128;128;128;128;128;
128;128;128;128;128;128;128;128;
128;128;128;128;128;128;128;128;
128;128;128;128;128;128;128;128;
128;165;131;128;128;128;128;128;
128;151;142;128;148;139;130;128;
128;128;128;128;128;128;128;128;
128;129;158;148;128;128;128;128;
128;133;169;145;128;128;128;128;
128;128;144;128;128;128;128;128;
128;128;146;131;128;128;128;128;
128;155;135;128;128;128;128;128;
128;132;128;128;128;128;128;128;
128;128;128;128;128;128;128;128;
128;128;128;128;128;128;128;128;
128;128;128;128;128;128;128;128;
128;128;128;128;128;128;128;128;
128;128;128;128;128;128;128;128;
128;128;128;128;128;128;128;128;
128;128;128;128;128;128;128;128;
128;128;128;128;128;128;128;128;
128;128;128;128;128;128;128;128;
128;128;128;128;128;128;128;128;
128;128;128;128;128;128;128;128;
128;128;128;128;128;128;128;128;
128;128;128;128;128;128;128;128;
128;128;128;128;128;128;128;128;
128;128;128;128;128;128;128;128;
128;128;128;128;128;128;128;128;
128;128;128;128;128;128;128;128;
128;135;128;128;128;128;128;128;
128;128;128;128;128;128;128;128;
128;128;128;141;128;128;128;141;
128;157;152;131;128;128;171;155;
128;128;128;128;132;137;130;164;
128;146;128;128;128;128;128;134;
128;128;128;128;128;128;128;128;
145;128;135;161;143;143;139;158;
128;128;128;128;130;153;128;128;
128;128;128;128;128;133;128;128;
128;128;128;128;128;142;128;128;
128;128;128;128;128;171;142;128;
128;128;157;146;128;132;128;128;
146;165;162;135;128;128;128;128;
150;133;145;128;128;128;128;128;
128;128;128;128;128;128;128;128;
128;128;128;128;128;128;128;128;
128;128;128;128;128;128;128;128;
128;128;128;128;131;131;128;128;
128;128;128;128;128;128;128;128;
128;128;128;128;128;128;128;128;
128;128;128;128;128;128;128;128;
128;128;128;128;128;128;128;128;
128;128;128;145;141;139;130;130;
128;128;128;128;128;128;128;128;
128;128;128;128;128;128;128;128;
128;128;128;128;128;128;128;128;
128;128;128;128;128;128;128;128;
128;128;128;128;128;128;128;128;
128;128;128;128;128;128;128;128;
128;128;128;128;128;128;128;128;
128;128;128;128;128;128;128;128;
128;128;128;128;128;128;128;128;
128;128;128;128;128;128;128;128;
128;128;128;128;128;128;128;128;
128;128;128;128;128;128;128;128;
128;128;128;128;128;128;128;128;
128;128;128;128;128;128;128;128;
128;128;128;128;128;128;128;128;
128;128;128;128;128;128;128;128;
128;128;128;128;128;128;128;128;
128;128;128;128;128;128;128;128;
128;128;128;128;128;128;128;128;
128;128;128;128;128;128;128;128;
128;128;128;128;128;128;128;128;
128;128;128;128;128;128;128;128;
128;128;128;128;128;128;128;128;
128;128;128;128;128;128;128;128;
128;128;128;128;128;128;128;128;
128;128;128;128;128;128;128;128;
128;128;128;128;128;128;128;128;
128;128;128;128;128;128;128;128;
128;128;128;128;128;128;128;128;
128;128;128;128;128;128;128;128;
128;128;128;128;128;128;128;128;
128;128;128;128;128;128;128;128;
128;128;128;128;128;128;128;128;
128;128;128;128;128;128;128;128;
128;128;128;128;128;128;128;128;
128;128;128;128;128;128;128;128;
128;128;128;128;128;128;128;128;
128;128;128;128;128;128;128;128;
128;128;128;128;128;128;128;128;
128;128;128;128;128;128;128;128;
141;128;128;128;128;135;142;128;
139;128;128;128;128;129;128;128;
128;128;128;128;139;128;128;128;
128;128;134;128;142;128;128;128;
136;128;128;128;128;128;128;128;
128;128;128;128;128;128;128;128;
128;128;128;128;128;128;128;128;
135;152;128;146;156;133;130;135;
128;128;128;128;128;128;128;128;
128;128;128;128;128;128;128;128;
128;128;128;128;128;128;128;128;
128;128;128;128;128;128;128;128;
128;128;128;128;128;128;128;128;
128;128;128;128;128;128;128;128;
128;128;128;128;128;128;128;128;
128;128;128;128;128;128;128;128;
128;128;128;128;128;128;128;128;
128;128;128;128;128;128;128;128;
128;128;128;128;128;128;128;128;
136;128;128;128;128;128;128;128;
128;128;128;128;128;128;135;128;
128;128;128;128;128;128;128;128;
128;128;128;128;128;128;130;128;
132;128;128;128;128;128;139;128;
128;128;128;140;128;128;128;128;
128;128;128;128;128;128;128;128;
132;128;128;128;128;128;134;128;
166;145;128;128;128;128;138;128;
133;128;128;128;130;142;143;130;
128;128;128;145;183;180;173;143;
128;128;128;128;141;128;128;128;
151;128;128;128;128;128;128;128;
128;128;128;128;128;128;128;128;
128;128;128;128;128;128;128;128;
128;128;128;128;128;128;128;128;
128;128;128;128;128;128;128;128;
128;128;128;128;128;128;128;128;
128;128;128;128;128;128;128;128;
128;128;128;128;128;128;128;128;
128;128;128;128;128;128;128;128;
128;128;128;128;128;128;128;128;
128;128;128;128;128;128;128;128;
128;128;128;128;128;128;128;128;
128;128;128;128;128;128;128;128;
128;128;128;128;128;128;128;128;
128;128;128;128;128;128;128;128;
128;128;128;128;128;128;128;128;
128;128;128;128;128;128;128;128;
128;128;128;128;128;128;128;128;
128;128;128;128;128;128;128;128;
128;128;128;128;128;128;128;128;
128;128;128;128;128;128;128;128;
128;128;128;128;128;128;128;128;
128;128;128;128;128;128;128;128;
128;128;128;128;128;128;128;128;
128;128;128;128;128;128;128;128;
128;128;128;128;128;128;128;128;
128;128;128;128;128;128;128;128;
128;128;128;128;128;128;128;128;
128;128;128;128;128;128;128;128;
128;128;128;128;128;128;128;128;
128;128;128;128;128;128;128;128;
128;128;128;128;128;128;128;128;
128;128;128;128;128;128;128;128;
132;128;128;128;128;128;128;128;
128;128;128;128;128;128;128;128;
128;128;128;128;128;128;128;128;
128;128;128;128;128;128;128;128;
136;128;128;128;128;128;128;128;
150;128;128;128;128;128;128;128;
128;128;128;128;128;135;128;150;
128;128;128;128;160;165;149;140;
128;128;128;128;128;128;128;128;
128;128;128;128;128;128;128;128;
128;128;128;128;137;134;128;128;
133;128;149;135;142;159;128;128;
128;128;152;128;128;140;128;128;
128;129;128;128;128;128;128;128;
128;141;128;128;128;128;128;128;
128;139;128;128;128;128;128;128;
128;128;128;128;128;128;128;128;
128;128;128;128;128;128;128;128;
128;128;128;128;128;128;128;128;
128;128;128;128;128;128;128;128;
128;128;128;128;128;128;128;128;
128;128;128;128;128;128;128;128;
128;128;128;128;128;128;128;128;
128;128;128;128;128;128;128;128;
128;128;128;128;128;128;128;128;
128;128;128;128;128;128;128;128;
128;128;128;128;128;128;128;128;
128;128;128;128;128;128;128;128;
128;128;128;128;128;128;128;128;
128;128;128;128;128;128;128;128;
128;128;128;128;128;128;128;128;
128;128;128;128;128;128;128;128;
145;151;150;146;128;128;128;129;
128;129;128;128;128;128;128;128;
128;128;128;128;128;128;128;128;
128;128;128;128;128;128;128;128;
128;128;134;129;141;129;133;128;
128;136;133;137;136;128;128;128;
128;132;134;128;128;128;132;140;
128;131;128;133;132;131;137;143;
128;128;128;128;128;128;128;128;
128;128;128;128;128;128;128;128;
128;128;128;128;128;128;128;128;
128;128;128;128;128;128;128;128;
128;128;128;128;128;128;128;128;
128;128;128;128;128;128;128;128;
128;128;128;128;128;128;128;128;
128;128;128;128;128;128;128;128;
128;128;128;128;128;128;128;128;
128;128;128;128;128;128;128;128;
128;128;128;128;128;128;128;128;
128;128;128;128;128;128;128;128;
128;128;128;128;128;128;128;128;
128;128;128;128;128;128;128;128;
128;128;128;128;128;128;128;128;
128;128;128;128;128;128;128;128;
128;128;128;128;128;128;128;128;
128;128;128;128;128;128;128;128;
128;128;128;128;128;128;128;128;
128;128;128;128;128;128;128;128;
128;128;128;128;128;128;128;128;
128;128;128;128;128;128;128;128;
128;128;128;128;128;128;128;128;
128;128;128;128;128;128;128;128;
128;128;128;128;128;128;128;128;
128;128;128;128;128;128;128;128;
128;128;128;128;128;128;128;128;
128;128;128;128;128;128;128;128;
128;128;128;128;128;128;128;128;
128;128;128;128;128;128;128;128;
128;128;128;128;128;128;128;128;
128;128;128;128;128;128;128;128;
142;131;128;128;128;128;164;148;
148;128;128;128;128;128;130;128;
137;128;128;128;128;128;128;128;
149;137;128;143;146;132;128;128;
163;145;128;128;128;128;128;128;
153;128;128;128;128;128;128;128;
129;128;128;128;128;132;128;128;
128;128;128;151;154;158;141;128;
128;128;128;128;128;128;128;128;
128;128;128;128;128;128;128;128;
128;128;128;128;128;128;128;128;
128;128;128;128;128;128;128;128;
128;128;128;128;128;128;128;128;
128;128;128;128;128;128;128;128;
128;128;128;128;128;128;128;128;
128;128;128;128;128;128;128;128;
128;136;143;141;131;128;140;128;
128;128;128;128;128;128;158;128;
128;128;128;128;128;128;200;128;
166;164;135;130;140;158;190;130;
151;165;131;128;128;128;128;135;
128;128;128;128;128;128;128;128;
128;128;128;128;128;128;128;128;
132;128;128;128;128;128;128;128;
142;176;153;142;142;149;134;148;
128;128;128;128;128;128;128;128;
128;128;128;128;128;128;128;128;
128;128;128;129;128;128;141;128;
128;128;128;128;128;128;128;129;
130;128;128;128;128;128;128;128;
128;128;128;128;128;128;128;128;
138;128;128;143;150;138;137;157;
128;128;128;128;128;128;128;128;
128;128;128;128;128;128;128;128;
128;128;128;128;128;128;128;128;
128;128;128;128;128;128;128;128;
128;128;128;128;128;128;128;128;
128;128;128;128;128;128;128;128;
128;128;128;128;128;128;128;128;
128;128;128;128;128;128;128;128;
128;128;128;128;128;128;128;128;
128;128;128;128;128;128;128;128;
128;128;128;128;128;128;128;128;
128;128;128;128;128;128;128;128;
128;128;128;128;128;128;128;128;
128;128;128;128;128;128;128;128;
128;128;128;128;128;128;128;128;
128;128;128;128;128;128;128;128;
128;128;128;128;128;128;128;128;
128;128;128;128;128;128;128;128;
128;128;128;128;128;128;128;128;
128;128;128;128;128;128;128;128;
128;128;128;128;128;128;128;128;
128;128;128;128;128;128;128;128;
128;128;128;128;128;128;128;128;
128;128;128;128;128;128;128;128;
128;128;128;128;128;128;128;128;
128;128;128;128;128;128;128;128;
128;128;128;128;128;128;128;128;
128;128;128;128;128;128;128;128;
128;128;128;128;128;128;128;128;
128;128;128;128;128;128;128;128;
128;128;128;128;128;128;128;128;
128;128;128;128;128;128;128;128;
128;128;128;128;128;128;128;128;
128;128;128;128;128;128;128;128;
128;128;128;128;128;128;128;128;
128;128;128;128;128;128;128;128;
128;128;128;128;128;128;128;128;
128;128;128;128;128;128;128;128;
128;128;128;128;128;128;128;128;
128;128;128;128;128;128;128;128;
128;128;128;141;128;128;128;128;
128;128;128;128;128;128;128;128;
128;148;128;128;128;128;128;148;
128;128;128;128;128;128;128;128;
128;128;128;128;129;144;128;128;
128;128;129;128;128;128;128;128;
128;128;128;128;128;128;128;128;
128;132;128;128;128;128;128;128;
128;134;128;128;128;128;152;176;
128;166;128;128;128;128;128;202;
128;158;134;128;128;128;128;176;
128;173;175;128;128;128;128;128;
128;148;148;177;164;137;128;128;
153;128;128;128;128;128;128;129;
128;128;128;128;128;128;128;128;
128;128;128;128;128;128;128;131;
128;128;128;128;128;128;128;128;
128;128;128;128;128;128;128;128;
128;128;128;128;128;128;128;128;
128;128;128;128;128;128;128;128;
128;128;128;128;128;128;128;128;
128;128;128;128;128;128;128;128;
128;128;128;128;128;128;128;128;
128;128;128;128;128;128;128;128;
128;128;128;128;128;128;128;128;
128;128;128;128;128;128;128;128;
128;128;128;128;128;128;128;128;
128;128;128;128;128;128;128;128;
128;128;128;128;128;128;128;128;
128;128;128;128;128;128;128;128;
128;128;128;128;128;128;128;128;
128;128;128;128;128;128;128;128;
128;128;128;128;128;128;128;128;
128;128;128;128;128;128;128;128;
128;128;128;128;128;128;128;128;
128;128;128;128;128;128;128;128;
128;128;128;128;128;128;128;128;
128;128;128;128;128;128;128;128;
128;128;128;128;128;128;128;128;
128;128;128;128;128;128;128;128;
130;128;129;128;128;128;138;128;
155;147;163;161;133;131;129;128;
133;133;128;128;128;128;128;132;
139;128;128;128;128;128;128;129;
128;128;128;128;128;128;128;128;
128;128;128;128;128;128;128;128;
128;128;128;128;128;128;128;128;
128;128;128;128;128;128;128;128;
128;128;128;128;128;128;128;128;
128;128;128;128;128;128;128;128;
128;128;128;128;128;128;128;128;
128;128;128;128;128;128;128;128;
128;128;128;128;128;128;128;128;
128;128;128;128;128;128;128;128;
128;128;128;128;128;128;128;128;
128;128;128;128;128;128;128;128;
128;128;128;128;128;128;128;128;
128;128;128;128;128;128;128;128;
128;128;128;128;128;128;128;128;
128;128;128;128;128;128;128;128;
128;128;128;128;128;128;128;128;
128;128;128;128;128;128;128;128;
128;128;128;128;128;128;128;128;
128;128;128;128;128;128;128;128;
128;128;128;128;128;128;128;128;
128;128;128;128;128;128;128;128;
128;128;128;128;128;128;128;128;
128;128;128;128;128;128;128;128;
128;128;128;128;128;128;128;128;
128;128;128;128;128;128;128;128;
128;128;128;128;128;128;128;128;
128;128;128;128;128;128;128;128;
128;128;128;128;128;128;128;128;
128;128;128;128;128;128;128;128;
128;128;128;128;128;128;128;128;
128;128;128;128;128;128;128;128;
128;128;128;128;128;128;128;128;
128;128;128;128;128;128;128;128;
128;128;128;128;128;128;128;128;
128;128;128;128;128;128;128;128;
128;128;128;128;128;128;128;128;
128;128;128;128;128;128;128;128;
128;128;128;128;128;128;128;128;
128;128;128;128;128;128;128;128;
128;128;128;128;128;128;128;128;
128;128;128;128;128;128;128;128;
128;128;128;128;128;128;128;128;
128;128;128;128;128;128;128;128;
128;128;128;128;128;128;128;128;
128;128;128;128;128;128;128;128;
128;128;128;128;128;128;128;128;
128;128;128;128;128;128;128;128;
128;128;128;128;128;128;128;128;
128;128;128;128;128;128;128;128;
128;128;128;128;128;128;128;128;
128;128;128;128;128;128;128;128;
128;128;128;128;128;128;128;128;
128;128;128;128;128;128;128;128;
128;128;128;128;128;128;128;128;
128;128;128;128;128;128;128;128;
128;128;128;128;128;128;128;128;
128;128;128;128;128;128;128;128;
128;128;128;128;128;128;128;128;
128;128;128;128;128;128;128;128;
128;128;128;128;128;128;128;128;
128;128;128;128;128;128;128;128;
128;128;128;128;128;128;128;128;
128;128;128;128;128;128;128;128;
128;128;128;128;128;128;128;128;
128;128;128;128;128;128;128;128;
128;128;128;128;128;128;128;128;
128;128;128;128;128;128;128;128;
174;159;136;128;128;128;128;175;
128;128;128;128;128;128;128;128;
128;128;128;128;128;128;128;128;
128;128;128;128;128;128;128;128;
132;128;128;128;128;128;128;128;
132;128;128;161;153;142;128;161;
128;128;128;152;148;153;145;155;
147;128;128;167;172;154;141;153;
128;128;128;128;128;128;128;128;
128;128;128;128;128;128;128;128;
128;128;128;128;128;128;128;128;
128;128;128;128;128;128;128;128;
128;128;128;128;128;128;128;128;
128;128;128;128;128;128;128;128;
128;128;130;128;128;128;128;128;
128;128;128;128;128;128;128;128;
128;128;128;128;128;128;128;128;
128;128;128;128;128;128;128;128;
128;128;128;128;128;128;128;128;
128;128;128;128;128;128;128;128;
128;128;128;128;128;128;128;128;
128;128;128;128;128;128;128;128;
128;128;128;128;128;128;128;128;
128;128;128;128;128;128;128;128;
128;128;128;128;128;128;128;128;
128;128;128;128;128;128;128;128;
128;128;128;128;128;128;128;128;
128;128;128;128;128;128;128;128;
128;128;128;128;128;128;128;128;
128;128;128;128;128;128;128;128;
128;128;128;128;128;128;128;128;
128;128;128;128;128;128;128;128;
128;128;128;128;128;128;128;128;
128;128;128;128;128;128;128;128;
128;128;128;128;128;128;128;128;
128;128;128;128;128;128;128;128;
128;128;128;128;128;128;128;128;
128;128;128;128;128;128;128;128;
128;128;128;128;128;128;128;128;
128;128;128;128;128;128;128;128;
128;128;128;128;128;128;128;129;
128;128;128;128;128;128;128;128;
128;128;128;128;128;128;128;128;
128;128;128;128;128;128;128;128;
128;128;145;141;128;128;128;128;
142;128;132;128;128;128;128;128;
129;159;128;128;128;128;128;128;
128;128;128;128;128;128;128;128;
128;128;128;128;128;128;128;128;
128;128;128;128;128;128;128;128;
128;128;128;128;128;131;128;128;
128;128;128;128;128;128;128;128;
128;128;128;128;128;128;128;128;
128;128;128;128;128;128;128;128;
128;128;128;128;128;128;128;128;
128;128;128;128;128;128;128;128;
128;128;128;128;128;128;128;128;
128;128;128;128;128;128;128;128;
128;128;128;128;128;128;128;128;
128;128;128;128;128;128;128;128;
128;128;128;128;128;128;128;128;
128;128;128;128;128;128;128;128;
128;128;128;128;128;128;128;128;
128;128;128;128;128;128;128;128;
128;128;128;128;128;128;128;128;
128;128;128;128;128;128;128;128;
128;128;128;128;128;128;128;128;
128;128;128;128;128;128;128;128;
128;128;128;128;128;128;128;128;
128;128;128;128;128;128;128;128;
128;128;128;128;128;128;128;128;
128;128;128;128;128;128;128;128;
128;128;128;128;128;128;128;128;
128;128;128;128;128;128;128;128;
128;128;128;128;128;128;128;128;
128;128;128;128;128;128;128;128;
128;128;128;128;128;128;128;128;
128;128;128;128;128;128;128;128;
128;128;128;128;128;128;128;128;
128;128;128;128;128;128;128;128;
128;128;128;128;128;128;128;128;
128;128;128;128;128;128;128;128;
128;128;128;128;128;128;128;128;
128;128;128;128;128;128;128;128;
128;128;128;128;128;128;128;128;
128;128;128;128;128;128;128;128;
128;128;128;128;128;128;128;128;
128;128;128;128;128;128;128;128;
128;128;128;128;128;128;128;128;
128;128;128;128;128;128;128;128;
128;128;128;128;128;128;128;128;
128;128;128;128;128;128;128;128;
128;128;128;128;128;128;128;128;
128;128;128;128;128;128;128;128;
128;128;128;128;128;128;128;128;
128;128;128;128;128;128;128;128;
128;128;128;128;136;133;128;128;
128;128;128;128;128;128;128;128;
128;128;128;128;128;128;128;128;
128;128;128;128;128;128;128;128;
128;128;128;128;128;128;128;128;
128;128;128;128;128;129;135;128;
128;128;128;128;128;128;128;128;
128;140;133;128;128;128;128;128;
128;128;128;128;128;128;128;128;
128;128;128;128;128;128;128;128;
128;128;128;128;128;128;128;128;
128;128;128;128;128;128;128;128;
128;128;128;128;128;128;128;128;
128;128;128;128;128;128;128;128;
128;128;128;128;128;128;128;128;
128;128;128;128;128;128;128;128;
128;128;128;128;128;128;128;128;
128;128;128;128;128;128;128;128;
128;128;128;128;128;128;128;128;
128;128;128;128;128;128;128;128;
128;128;128;128;128;128;128;128;
128;128;128;128;128;128;128;128;
128;128;128;128;128;128;128;128;
128;128;128;128;128;128;128;128;
128;128;128;128;128;130;128;128;
128;128;128;128;140;155;128;128;
128;131;130;132;130;159;149;128;
128;136;128;128;128;128;128;128;
128;128;128;128;128;128;128;128;
128;128;128;128;128;128;128;128;
128;128;128;128;128;128;128;128;
128;128;128;128;128;128;128;128;
128;128;128;128;128;128;128;128;
128;128;128;128;128;128;128;128;
128;128;128;128;128;128;128;128;
128;128;128;128;128;128;128;128;
128;128;128;128;128;128;128;128;
128;128;128;128;128;128;128;128;
128;128;128;128;128;128;128;128;
128;128;128;128;128;128;128;128;
128;135;147;128;128;128;128;128;
128;128;128;128;128;128;128;128;
128;128;128;128;128;128;128;128;
128;128;128;128;128;128;128;128;
138;131;128;128;128;128;128;128;
128;128;128;128;128;128;128;128;
128;128;128;134;143;151;128;128;
128;128;152;138;147;131;128;128;
128;146;157;128;128;128;128;133;
128;128;131;128;128;128;128;128;
128;128;128;128;128;128;128;128;
128;128;128;128;128;145;139;133;
128;128;128;128;130;144;138;146;
128;131;128;128;145;137;128;128;
128;148;128;128;128;128;128;128;
128;128;128;128;128;128;133;138;
128;128;128;128;128;128;128;128;
128;128;128;128;128;128;128;128;
128;128;128;128;128;128;128;128;
128;128;128;128;128;128;128;128;
128;128;128;128;128;128;128;128;
128;128;128;128;128;128;128;128;
128;128;128;128;128;128;128;128;
128;128;128;128;128;128;128;128;
128;128;133;128;128;128;128;128;
128;128;128;128;128;128;128;128;
128;128;128;129;128;128;128;128;
128;159;151;128;128;138;152;128;
128;145;130;128;128;128;128;128;
128;128;128;128;128;128;128;128;
136;128;128;128;128;128;128;128;
158;128;128;128;128;128;128;128;
128;128;128;128;128;128;128;128;
128;128;168;138;128;128;128;134;
128;146;196;147;128;128;128;128;
128;128;131;128;128;128;128;128;
128;128;128;128;128;128;128;128;
128;152;128;128;128;128;128;128;
136;149;128;128;128;128;128;128;
133;128;128;128;128;128;128;128;
128;128;128;128;128;128;140;128;
134;128;128;128;128;128;128;128;
135;128;128;128;128;128;138;131;
128;128;128;128;128;128;139;129;
128;128;128;128;128;128;128;128;
128;128;128;128;128;128;128;128;
137;128;128;128;128;128;128;128;
128;128;128;128;128;128;128;128;
128;128;128;128;128;128;128;128;
128;128;128;128;128;128;128;128;
128;128;128;128;128;128;128;128;
128;128;128;128;128;128;128;128;
128;128;128;128;128;128;128;128;
128;128;128;128;128;128;128;128;
128;128;128;128;128;128;128;128;
128;128;128;128;128;128;128;128;
128;128;128;128;128;128;128;128;
128;128;128;128;128;128;128;128;
128;128;128;128;128;128;128;128;
128;128;128;128;128;128;128;128;
128;128;128;128;128;128;128;128;
128;128;128;128;128;128;128;128;
128;128;128;128;128;128;128;128;
128;128;128;128;128;128;128;128;
128;128;128;128;128;128;128;128;
128;128;128;128;128;128;128;146;
128;128;146;143;137;143;139;149;
141;141;152;153;134;132;128;128;
157;133;144;128;128;128;128;128;
138;128;128;128;128;128;128;128;
128;128;128;128;128;128;128;128;
128;128;128;128;128;135;137;128;
128;128;128;128;128;129;128;128;
128;128;128;152;131;128;128;128;
128;128;128;130;128;128;128;128;
128;128;128;128;128;128;128;128;
128;128;128;128;128;128;128;128;
128;128;128;128;128;128;128;128;
128;128;128;128;128;128;128;128;
128;128;128;128;128;128;128;128;
128;128;128;138;128;128;128;128;
128;136;128;134;128;128;128;128;
128;128;128;128;128;130;128;128;
128;128;128;128;128;143;128;128;
128;128;132;146;164;159;129;142;
135;144;135;128;134;128;128;128;
128;135;128;128;128;128;128;128;
128;128;128;128;128;128;128;128;
179;180;167;145;174;161;174;193;
149;137;167;135;146;139;128;128;
128;128;128;128;128;128;128;128;
128;128;128;128;146;128;128;128;
142;128;128;128;128;128;128;128;
128;128;128;128;128;128;128;128;
128;128;128;128;128;128;128;145;
128;128;128;128;136;152;165;163;
128;128;128;128;128;128;128;128;
128;128;128;128;128;128;128;128;
128;128;128;128;128;128;128;128;
128;128;128;128;128;128;128;128;
128;128;128;128;128;128;128;128;
128;128;128;128;128;128;128;128;
128;128;128;128;128;128;128;128;
128;128;128;128;128;128;128;128;
146;136;128;128;128;131;128;128;
141;145;128;128;128;128;128;128;
128;128;154;128;128;128;128;128;
128;128;128;128;128;128;128;128;
141;128;128;135;128;128;128;128;
128;128;128;140;128;128;128;128;
128;128;128;139;128;128;128;128;
164;128;141;156;128;133;128;139;
129;128;129;136;134;142;128;133;
128;128;128;128;128;128;128;128;
128;129;128;139;144;166;128;128;
128;134;133;176;138;158;128;142;
141;141;137;150;128;128;128;128;
128;128;128;128;128;128;128;128;
128;128;128;128;132;164;144;141;
128;128;128;138;169;169;152;136;
128;128;128;128;128;128;128;128;
128;128;128;128;128;128;128;128;
128;128;128;128;128;128;128;128;
128;128;128;128;128;128;128;128;
128;128;128;128;128;128;128;128;
128;128;128;128;128;128;128;128;
128;128;128;128;128;128;128;128;
128;128;128;128;128;128;128;128;
128;128;128;128;128;128;128;128;
128;128;128;128;128;128;128;128;
128;128;128;128;165;170;134;128;
128;128;128;128;135;164;177;128;
128;128;128;128;128;139;160;128;
128;128;128;128;128;128;128;128;
128;128;128;128;128;128;128;128;
136;128;128;144;130;132;144;156;
128;128;128;128;128;128;128;128;
128;128;128;128;128;128;128;128;
128;128;128;128;128;128;128;128;
128;128;128;128;128;128;128;128;
128;128;128;128;128;128;128;128;
128;128;128;128;128;128;128;128;
128;128;128;128;128;128;128;128;
128;128;128;128;128;128;128;128;
128;128;128;128;128;128;128;128;
128;128;128;128;128;128;128;128;
128;128;128;128;128;128;128;128;
128;128;128;128;128;128;128;128;
128;128;128;128;128;128;128;128;
128;128;128;128;128;128;128;128;
128;128;128;128;128;128;128;128;
128;128;128;128;128;128;128;128;
128;128;128;128;128;137;146;128;
128;128;128;128;128;130;132;128;
128;128;128;128;128;128;128;149;
128;128;128;128;128;136;128;145;
128;128;128;128;141;131;128;133;
128;128;128;128;128;128;128;133;
128;128;128;128;128;136;138;128;
128;128;128;128;128;132;128;128;
128;128;128;128;128;128;128;128;
128;128;128;128;128;128;128;128;
128;128;128;128;128;128;128;128;
128;128;128;128;128;128;128;128;
128;128;128;128;128;128;128;128;
128;128;128;128;128;128;128;128;
128;128;128;128;128;128;128;128;
128;128;128;128;128;128;128;128;
141;128;141;143;128;128;129;137;
135;128;128;128;128;128;128;128;
153;128;131;142;160;128;128;128;
148;128;128;128;128;128;128;128;
128;128;128;128;128;128;128;128;
128;128;128;128;128;128;128;128;
128;128;144;143;136;128;128;128;
139;128;128;128;128;128;128;128;
128;128;128;128;128;128;150;158;
130;128;128;136;176;170;179;128;
128;128;132;128;128;128;128;128;
128;128;128;128;128;128;128;128;
128;128;128;128;128;128;128;128;
128;128;128;128;128;128;128;128;
128;128;131;128;136;134;132;143;
128;128;128;128;128;128;128;128;
128;128;128;128;128;128;128;128;
128;128;128;128;128;128;128;128;
128;128;128;128;128;128;128;128;
128;128;128;128;128;128;128;128;
128;128;128;128;128;128;128;128;
128;128;128;128;128;128;128;128;
128;128;128;128;128;128;128;128;
128;128;128;128;128;128;128;128;
