torch.Size([1, 256, 8, 8])
0.0078125
128
128;128;128;128;128;128;128;128;
128;128;128;128;128;128;139;128;
128;128;128;128;128;128;128;128;
145;128;128;128;128;128;128;128;
160;128;128;128;128;130;128;128;
133;128;128;128;128;128;128;128;
128;129;128;128;128;128;128;128;
128;128;128;128;128;128;128;128;
128;128;128;128;128;128;128;128;
128;128;128;128;128;128;128;128;
128;128;128;128;128;128;128;128;
128;128;128;128;128;128;128;128;
128;128;128;128;128;128;128;128;
128;128;128;128;128;128;128;128;
128;128;128;128;128;128;128;128;
128;128;128;128;128;128;128;128;
128;128;128;128;128;128;128;128;
128;128;128;128;128;128;128;128;
128;128;128;128;128;128;128;128;
128;128;128;128;128;128;128;128;
128;128;128;128;128;128;128;128;
128;128;128;128;128;128;128;128;
128;128;128;128;128;128;128;128;
128;128;128;128;128;128;128;128;
128;128;128;128;128;128;128;128;
128;128;128;128;128;128;128;128;
128;128;128;128;128;128;128;128;
128;128;128;128;128;128;128;128;
128;128;128;128;128;128;128;128;
128;128;128;128;128;128;128;128;
128;128;128;128;128;128;128;128;
128;128;128;128;128;128;128;128;
146;128;128;128;128;128;130;130;
128;128;128;128;128;128;128;140;
128;128;128;128;128;178;128;128;
128;128;128;128;128;128;128;128;
128;128;128;128;158;158;128;128;
128;128;128;128;128;149;128;128;
128;128;128;128;128;128;128;128;
128;128;128;128;128;128;148;128;
128;128;128;128;128;128;128;128;
128;128;128;128;128;128;128;128;
128;128;128;128;128;128;128;128;
128;128;128;128;128;128;128;128;
128;128;128;128;128;128;128;128;
128;128;128;128;128;128;128;128;
128;128;128;128;128;128;128;128;
128;128;128;128;128;128;128;128;
128;128;128;128;128;128;128;128;
128;128;128;128;128;128;128;128;
128;128;128;128;128;128;128;128;
128;128;128;128;128;128;128;128;
128;128;128;128;128;128;128;128;
128;128;128;128;128;128;128;128;
128;128;128;128;128;128;128;128;
128;128;128;128;128;128;128;128;
128;128;128;128;128;128;128;128;
128;128;128;128;128;128;128;128;
128;128;128;128;128;128;128;128;
128;128;128;128;128;128;128;128;
128;128;128;128;128;128;128;128;
128;128;128;128;128;128;128;128;
128;128;128;128;128;128;128;128;
128;128;128;128;128;128;128;128;
128;128;128;133;133;164;190;157;
128;138;128;171;215;233;216;171;
128;128;128;128;128;149;128;128;
128;128;128;128;128;128;128;128;
128;128;128;158;144;128;128;128;
131;128;128;128;128;128;128;128;
128;128;128;128;128;128;128;128;
128;128;128;128;128;128;128;128;
128;128;128;128;128;128;128;128;
128;128;128;128;128;128;128;128;
128;128;128;128;128;128;128;128;
128;128;128;128;128;128;128;128;
128;128;128;128;128;128;128;128;
128;128;128;128;128;128;128;128;
128;128;128;128;128;128;128;128;
128;128;128;128;128;128;128;128;
128;128;128;128;128;128;128;128;
128;128;128;128;128;128;128;128;
128;128;128;128;128;128;128;128;
128;128;128;128;128;128;128;128;
128;128;128;128;128;128;128;128;
128;128;128;128;128;128;128;128;
128;128;128;128;128;128;128;128;
128;128;128;128;128;128;128;128;
131;128;128;128;128;135;128;128;
128;128;128;128;128;130;132;152;
144;128;128;128;128;133;144;149;
142;166;128;128;128;128;153;168;
128;142;137;128;128;137;201;185;
140;128;142;163;179;162;167;169;
128;128;128;137;128;128;128;128;
128;128;149;128;128;128;128;128;
128;128;128;128;128;128;128;128;
128;128;128;128;128;128;128;128;
128;128;128;128;128;128;128;128;
128;128;128;128;128;128;128;128;
128;128;128;128;128;128;128;128;
128;128;128;128;128;128;128;128;
128;128;128;128;128;128;128;128;
128;128;128;128;128;128;128;128;
128;128;128;128;128;128;128;128;
128;128;128;128;128;128;128;128;
128;128;128;128;128;128;128;128;
128;128;128;128;128;128;128;128;
128;128;128;128;128;128;128;128;
128;128;128;128;128;128;128;128;
128;128;128;128;128;128;128;128;
128;128;128;128;128;128;128;128;
128;128;139;155;172;211;142;128;
128;128;146;128;131;154;128;128;
128;128;177;128;128;128;128;128;
128;128;132;128;128;128;128;128;
146;128;128;128;128;128;128;128;
128;128;128;128;128;128;128;128;
128;128;128;128;128;128;128;128;
128;128;130;128;128;128;128;128;
128;128;128;128;128;128;128;128;
128;128;128;128;128;128;128;163;
128;128;128;128;128;128;128;138;
128;128;128;128;128;128;128;128;
128;128;128;128;128;128;128;128;
128;128;128;128;128;128;128;128;
128;128;128;128;128;128;128;128;
174;164;148;128;128;128;128;128;
171;176;138;128;128;128;128;128;
135;144;128;128;128;128;128;128;
128;128;128;128;141;135;128;128;
128;128;128;128;169;139;128;128;
128;128;128;128;131;128;128;128;
128;128;128;128;128;128;128;128;
128;128;128;128;128;128;128;128;
128;128;128;128;128;128;128;128;
128;128;128;128;128;128;128;128;
128;128;128;128;128;128;128;128;
128;128;128;128;128;128;128;128;
128;128;128;128;128;128;128;128;
128;128;128;128;128;128;128;128;
128;128;128;128;128;128;128;128;
128;128;128;128;128;128;128;128;
128;128;128;128;128;128;128;128;
128;128;128;128;128;128;128;128;
128;128;128;128;128;128;128;128;
128;128;128;128;128;128;128;128;
128;128;128;128;128;128;128;128;
128;128;128;128;128;128;128;128;
128;128;128;128;128;128;128;128;
128;128;128;128;128;128;128;128;
128;128;128;128;128;128;128;128;
128;128;128;128;128;128;128;128;
128;128;128;128;128;128;128;128;
128;128;128;128;128;128;128;128;
128;128;128;128;128;128;128;128;
128;128;128;128;128;128;128;128;
128;128;128;128;128;128;128;128;
128;128;128;128;128;128;128;128;
128;128;128;128;128;128;128;128;
128;128;128;128;128;128;128;128;
128;128;128;128;128;128;128;128;
128;128;128;128;128;128;128;128;
128;128;128;128;128;128;128;128;
128;128;128;128;128;128;128;128;
128;128;128;128;128;128;128;128;
128;128;128;128;128;128;128;128;
128;128;128;128;128;128;128;128;
128;128;128;128;128;128;128;128;
148;146;128;128;128;129;130;128;
128;128;128;128;128;128;128;128;
128;128;128;128;128;128;128;128;
128;128;128;128;128;128;128;128;
128;128;128;128;128;128;128;128;
128;128;128;128;128;128;128;128;
128;128;128;128;128;128;128;128;
128;128;128;128;128;128;128;128;
128;128;128;128;201;180;150;128;
128;128;135;185;254;231;134;128;
128;128;128;165;177;137;128;128;
128;128;128;132;128;128;128;128;
128;128;128;128;128;128;128;128;
147;128;128;128;155;153;167;140;
128;128;128;142;150;130;128;128;
128;128;128;128;128;128;128;128;
128;128;128;128;128;128;128;128;
128;128;128;128;128;128;128;128;
128;128;128;128;128;128;128;128;
128;128;128;128;128;128;128;128;
128;128;128;128;128;128;128;128;
128;128;128;128;128;128;128;128;
128;128;128;128;128;128;128;128;
128;128;128;128;128;128;128;128;
128;128;128;128;128;128;128;128;
128;128;128;128;128;128;128;128;
128;128;128;128;128;128;128;128;
128;128;128;128;128;128;128;128;
128;128;128;128;128;128;128;128;
128;128;128;128;128;128;128;128;
128;128;128;128;128;128;128;128;
128;128;128;128;128;128;128;128;
128;128;128;128;128;128;128;128;
128;128;128;128;128;128;128;128;
128;128;128;128;128;128;128;128;
128;128;128;128;128;128;128;128;
128;128;128;128;128;128;128;128;
128;128;128;128;128;128;128;128;
128;128;128;128;128;128;128;128;
128;128;128;128;128;128;128;128;
128;128;128;128;128;128;128;128;
128;128;128;128;128;128;128;128;
128;128;128;128;128;128;128;128;
128;128;128;128;128;128;128;128;
128;128;128;128;128;128;128;128;
128;128;128;128;128;128;128;128;
128;128;128;128;128;128;128;128;
128;128;128;128;128;128;128;128;
128;128;128;128;128;128;128;128;
128;128;128;128;128;128;128;128;
128;128;128;128;128;128;128;128;
128;128;128;128;128;128;128;128;
128;128;128;128;128;128;128;128;
128;128;128;128;128;128;128;128;
128;128;128;128;128;128;128;128;
128;128;128;128;128;132;128;128;
128;128;165;165;128;134;128;128;
128;128;128;128;128;128;128;128;
128;128;128;128;128;128;128;128;
128;128;128;128;128;128;146;140;
128;128;128;128;128;128;165;128;
128;128;128;128;128;128;128;128;
148;145;128;128;128;128;128;128;
128;128;128;128;128;128;128;128;
128;128;128;128;128;128;128;128;
128;128;128;128;128;128;128;128;
128;128;128;128;128;128;128;128;
128;128;128;128;128;128;128;128;
128;128;128;128;128;128;128;128;
128;128;128;128;128;128;128;128;
128;128;128;128;128;128;128;128;
128;128;128;128;128;128;128;128;
128;128;128;130;128;128;131;130;
128;128;128;152;128;128;128;128;
128;128;128;128;128;128;128;134;
128;128;128;128;128;128;128;128;
128;128;128;128;128;128;128;128;
128;129;128;128;128;128;128;128;
128;128;128;128;128;128;128;128;
128;128;128;128;128;128;128;128;
128;128;128;128;128;128;128;128;
128;128;128;128;128;128;128;128;
128;128;128;128;128;128;128;128;
128;128;128;128;128;128;128;128;
128;128;128;128;128;128;128;128;
128;128;128;128;128;128;128;128;
128;128;128;128;128;128;128;128;
140;177;195;167;187;128;131;145;
128;142;128;157;128;128;128;128;
128;129;137;147;143;128;128;128;
128;128;133;128;128;128;128;128;
128;128;128;128;128;128;128;128;
128;128;128;128;142;176;133;128;
128;128;128;128;128;128;128;128;
128;128;128;128;128;128;128;128;
128;128;128;128;128;128;128;128;
128;128;128;128;128;128;128;128;
128;128;128;128;128;128;128;128;
128;128;128;128;128;128;128;128;
128;128;128;128;128;128;128;128;
128;128;128;128;128;128;128;128;
128;128;128;128;128;128;128;128;
128;128;128;128;128;128;128;128;
128;128;128;128;128;128;128;128;
132;128;128;128;128;128;128;128;
128;128;128;128;128;128;128;128;
128;128;128;128;128;128;128;128;
128;128;128;128;128;128;128;128;
128;128;128;128;131;138;134;128;
128;128;128;128;137;153;151;143;
128;128;128;128;128;128;128;128;
128;128;128;128;128;128;128;128;
128;128;128;128;128;128;128;128;
128;128;128;128;128;128;128;128;
128;128;128;128;128;128;128;128;
128;128;128;128;128;128;128;128;
128;128;128;128;128;128;128;128;
128;128;128;128;128;128;128;128;
128;128;128;128;128;128;128;128;
149;132;128;128;128;128;128;128;
152;152;144;128;128;128;128;128;
151;130;128;128;128;128;128;128;
164;128;128;128;128;128;128;128;
148;128;128;128;128;128;128;128;
128;128;128;128;128;128;138;128;
128;128;131;128;128;128;128;128;
128;128;128;128;128;128;128;128;
128;128;131;128;128;128;128;128;
128;128;137;131;129;128;128;128;
128;128;132;128;128;128;128;128;
128;128;128;128;128;128;128;128;
128;128;128;128;128;128;128;128;
128;128;128;128;128;128;128;128;
128;128;128;128;128;128;128;128;
128;128;128;128;128;128;128;128;
128;128;128;129;128;135;128;161;
128;128;142;128;128;129;128;128;
136;130;136;128;128;128;128;128;
148;128;128;128;128;128;158;168;
128;128;128;128;128;128;128;141;
128;128;128;128;128;128;128;128;
128;128;128;128;128;128;128;128;
139;128;128;128;128;128;128;128;
128;128;128;128;128;128;128;128;
128;128;128;128;128;128;128;128;
128;128;128;128;128;128;128;128;
128;128;128;128;128;128;128;128;
128;128;128;128;128;128;128;128;
128;128;128;128;128;128;128;128;
128;128;128;128;128;128;128;128;
128;128;128;128;128;128;128;128;
128;128;128;128;128;128;128;128;
128;128;128;128;128;128;128;128;
128;128;128;128;128;128;128;128;
128;128;128;128;128;128;128;128;
128;128;128;128;128;128;128;128;
128;128;128;128;128;128;128;128;
128;128;128;128;128;128;128;128;
128;128;128;128;128;128;128;128;
128;128;128;128;128;128;128;128;
128;128;128;128;128;128;128;128;
128;128;128;128;128;128;128;128;
128;128;128;128;128;128;128;128;
128;128;128;128;128;128;128;128;
128;128;128;128;128;128;128;128;
128;128;128;128;128;128;128;128;
128;128;128;128;128;128;128;128;
139;155;166;145;128;128;128;128;
128;128;128;128;128;128;128;128;
128;128;128;128;128;128;128;128;
128;128;128;128;128;128;128;128;
128;128;128;128;128;128;128;128;
128;128;128;128;128;128;129;128;
128;128;128;128;128;128;128;130;
132;144;143;131;128;128;158;154;
128;128;128;128;128;128;128;128;
128;128;128;128;128;128;128;128;
128;128;128;128;128;128;128;128;
128;128;128;128;128;128;128;128;
128;128;128;128;128;128;128;128;
128;128;128;128;128;128;128;128;
128;128;128;128;128;128;128;128;
128;128;128;128;128;128;128;128;
128;128;128;128;128;128;128;128;
128;128;128;128;128;128;128;128;
128;128;128;128;128;128;128;128;
128;128;128;128;128;128;128;128;
128;128;128;128;128;128;128;128;
128;128;128;128;128;128;128;128;
128;128;128;128;128;128;128;128;
128;128;128;128;128;128;128;128;
128;128;128;128;128;128;128;128;
128;128;128;128;128;128;128;128;
128;128;128;128;128;128;128;128;
128;128;128;128;128;128;128;128;
128;128;128;128;128;128;128;128;
128;128;128;128;128;128;128;128;
128;128;128;128;128;128;128;128;
128;128;128;128;128;128;128;128;
128;128;128;128;128;128;128;128;
128;128;128;128;128;128;128;128;
128;128;128;128;128;128;128;128;
128;128;128;128;128;128;128;128;
128;128;128;128;128;128;128;128;
128;128;128;128;128;128;128;128;
128;128;128;128;128;128;128;128;
128;128;128;128;128;128;128;128;
128;128;128;128;128;128;128;128;
128;128;128;128;128;128;128;128;
128;128;128;128;128;128;128;128;
128;128;128;128;128;128;128;128;
128;128;128;128;128;128;128;128;
128;128;128;128;128;128;128;128;
128;128;128;128;128;128;128;128;
128;128;128;128;128;128;128;128;
128;128;128;128;128;128;128;128;
128;128;128;128;128;128;128;128;
128;128;128;128;128;128;128;128;
139;128;128;128;128;128;128;128;
128;137;128;128;128;128;128;128;
128;153;148;128;128;128;128;128;
129;146;128;128;128;128;128;128;
131;128;128;128;128;128;128;128;
128;128;128;128;128;128;128;128;
128;128;128;128;128;128;128;128;
128;128;128;128;128;128;128;128;
128;128;128;128;128;128;128;128;
128;128;128;128;128;128;128;128;
128;128;128;128;128;128;128;128;
128;128;128;128;128;128;128;128;
128;128;128;128;128;128;128;128;
128;128;128;128;128;128;128;128;
128;128;128;128;128;128;128;128;
128;128;128;128;128;128;128;128;
128;128;128;128;128;128;128;128;
128;128;128;128;128;128;128;128;
128;128;128;128;128;128;128;128;
128;128;128;128;128;128;128;128;
128;128;128;128;128;128;128;128;
128;128;128;128;128;128;128;128;
128;162;235;164;128;128;128;128;
128;141;186;175;128;128;128;137;
128;128;128;128;128;128;128;128;
128;128;128;128;128;128;128;128;
128;128;128;128;128;128;128;128;
128;128;128;128;128;128;128;128;
128;128;128;128;128;128;128;128;
134;148;157;184;197;213;184;162;
128;128;154;198;203;208;160;131;
128;128;128;128;128;128;128;128;
128;128;128;128;128;128;128;128;
140;128;128;128;128;128;128;128;
128;128;128;128;128;128;128;128;
128;135;128;128;128;128;128;128;
128;128;128;128;128;128;128;128;
128;128;128;128;128;128;128;128;
128;128;128;128;128;128;128;128;
128;128;128;128;128;128;128;128;
128;128;128;128;128;128;128;128;
128;128;128;128;128;128;128;128;
128;128;128;128;128;128;128;128;
128;128;128;128;128;128;128;128;
128;128;128;128;128;128;128;128;
150;178;154;128;128;128;139;153;
170;187;137;128;128;128;136;164;
128;128;128;128;128;128;128;128;
128;128;128;128;128;128;128;128;
155;128;128;128;128;128;128;128;
143;128;128;128;128;128;128;128;
128;128;128;128;128;128;128;128;
128;128;128;128;128;128;128;128;
128;128;128;128;128;128;128;128;
128;128;128;128;128;128;128;128;
128;128;128;128;128;128;128;128;
128;128;128;128;128;128;128;128;
128;128;128;128;128;128;128;128;
128;128;128;128;128;128;128;128;
128;128;128;128;128;128;128;128;
128;128;128;128;128;128;128;128;
128;128;128;128;128;128;128;128;
128;128;128;128;128;128;128;128;
128;128;128;128;128;128;128;128;
128;128;128;128;128;128;128;128;
128;128;128;128;128;128;128;128;
128;128;128;128;128;128;128;128;
128;128;128;128;128;128;128;128;
128;128;128;128;128;128;128;128;
128;128;128;128;128;128;128;128;
128;128;128;128;128;128;128;128;
128;128;128;128;128;128;128;128;
143;128;128;128;128;128;128;128;
164;128;128;128;128;128;128;128;
144;128;128;128;128;128;128;128;
128;128;128;140;139;128;128;128;
128;128;128;128;128;128;128;128;
128;128;128;128;128;128;128;128;
128;128;128;128;128;128;128;141;
128;128;128;128;128;128;128;152;
128;128;128;128;128;128;128;128;
128;128;128;128;128;128;128;128;
128;128;128;128;128;128;128;128;
128;128;128;128;128;128;171;138;
128;128;128;136;184;164;165;152;
128;128;128;128;128;128;128;128;
128;128;128;142;128;128;128;128;
128;128;128;128;128;128;128;128;
128;128;128;128;128;128;128;128;
128;128;128;128;128;128;128;128;
128;128;128;128;128;128;128;128;
132;143;128;128;128;128;128;128;
128;128;128;128;128;128;128;128;
128;128;128;138;143;152;146;128;
128;128;128;137;140;146;128;128;
128;128;128;128;128;128;128;128;
128;128;128;128;128;128;128;128;
128;128;128;128;141;140;128;128;
133;128;128;128;128;128;128;128;
128;128;128;128;128;128;128;128;
128;128;128;128;128;128;128;128;
128;128;128;128;128;128;128;128;
128;128;128;128;128;128;128;128;
128;128;128;128;128;128;128;128;
128;128;128;128;128;128;128;128;
128;128;128;128;128;128;128;128;
128;128;128;128;128;128;128;143;
128;128;128;128;128;128;128;144;
128;128;128;128;142;165;164;168;
128;128;128;128;128;128;128;128;
128;128;128;128;128;128;128;128;
128;128;128;128;128;128;128;128;
128;128;128;128;128;128;128;128;
128;128;128;128;128;128;128;128;
128;128;128;128;128;128;128;128;
128;128;128;128;128;128;128;128;
128;128;128;128;128;128;128;128;
128;128;128;128;128;128;128;128;
128;142;128;128;128;128;128;128;
128;128;128;128;128;128;128;128;
128;128;128;128;128;128;128;128;
128;128;128;128;128;128;128;128;
128;128;128;128;128;128;128;128;
128;128;135;180;187;157;141;128;
128;128;128;152;142;128;128;128;
172;207;196;181;217;239;245;205;
164;196;207;202;208;158;159;149;
128;128;128;128;128;128;128;128;
128;128;128;156;156;161;128;128;
128;128;128;147;137;142;128;128;
128;128;128;128;128;128;128;128;
128;128;128;128;128;128;128;128;
128;128;128;128;128;128;130;129;
128;128;128;128;128;128;128;128;
128;128;128;128;128;128;128;128;
128;128;128;128;128;128;128;128;
128;128;128;128;128;128;128;128;
128;128;128;128;128;128;128;128;
128;128;128;128;128;128;128;128;
128;128;128;128;128;128;128;128;
128;128;128;128;128;128;128;128;
128;128;128;153;175;205;184;152;
128;135;160;208;204;218;164;141;
128;128;128;128;128;128;128;128;
128;128;128;128;128;128;128;128;
128;128;128;128;143;146;128;128;
128;128;128;128;128;128;128;128;
128;128;128;128;128;128;128;128;
128;128;128;128;128;128;128;128;
128;128;128;128;128;128;128;128;
128;128;128;128;128;128;128;128;
128;128;128;128;128;128;128;128;
128;128;128;128;128;128;128;128;
128;128;128;128;128;128;128;128;
128;128;128;128;128;128;128;128;
128;128;128;128;128;128;128;128;
128;128;128;128;128;128;128;128;
128;128;128;128;128;128;128;128;
128;128;128;128;128;128;128;128;
128;128;128;128;128;128;128;128;
128;128;128;128;128;128;128;128;
128;128;128;128;128;128;128;128;
128;128;128;128;128;128;128;128;
128;128;128;128;128;128;128;128;
128;128;128;128;128;128;128;128;
128;132;144;128;128;128;128;128;
128;132;128;128;128;128;128;128;
140;128;128;128;128;128;128;128;
142;128;128;128;128;128;128;128;
128;128;128;128;128;128;128;128;
128;128;128;128;128;128;128;128;
131;128;128;128;128;128;128;128;
128;128;128;128;128;128;128;128;
128;128;128;128;128;128;128;128;
128;128;128;128;128;128;128;128;
128;128;128;128;128;128;128;128;
128;128;128;128;128;128;128;128;
128;128;128;128;128;128;128;128;
128;128;128;128;128;128;128;128;
128;128;128;128;128;128;128;128;
128;128;128;128;128;128;128;128;
128;128;128;128;128;128;128;128;
128;128;128;128;128;128;128;128;
128;128;128;128;128;128;128;128;
128;128;128;128;128;128;128;128;
128;128;128;128;128;128;128;128;
128;128;128;128;128;128;128;128;
128;128;128;128;128;128;128;128;
128;128;128;128;128;128;128;128;
128;128;128;128;128;128;128;128;
128;128;128;128;128;128;128;128;
128;128;128;128;128;128;128;128;
128;128;128;128;128;128;128;128;
128;128;128;128;128;128;128;128;
128;128;128;128;128;128;128;128;
128;128;128;128;128;128;128;128;
128;128;128;128;128;128;128;128;
128;128;128;128;128;128;128;128;
128;128;128;128;128;128;128;128;
128;128;128;128;128;128;128;128;
128;128;128;128;128;128;128;128;
128;128;128;128;128;128;128;128;
128;128;128;128;128;128;128;128;
128;128;128;128;128;128;128;128;
128;128;128;128;128;128;128;128;
128;128;128;128;128;128;128;128;
128;128;128;128;128;128;128;128;
128;128;128;128;128;128;128;128;
128;128;128;128;128;128;128;128;
128;128;128;128;128;128;128;128;
128;128;128;128;128;128;128;128;
128;128;128;128;128;128;128;128;
128;128;128;128;128;128;128;128;
128;128;128;128;128;128;128;128;
128;128;128;128;128;128;128;128;
128;128;128;128;128;128;128;128;
128;128;128;128;128;128;128;128;
128;128;128;128;128;128;128;128;
128;128;128;128;128;128;128;128;
128;128;128;128;128;128;128;128;
128;128;128;128;128;128;128;128;
128;128;128;128;128;128;128;128;
128;128;128;128;128;128;128;128;
128;128;128;128;128;128;128;128;
128;128;128;128;128;128;128;128;
128;128;128;128;128;128;128;128;
128;128;128;128;128;128;128;128;
128;128;128;128;128;128;128;128;
128;128;128;128;128;128;128;128;
128;128;128;128;128;128;139;128;
128;128;128;128;173;197;149;128;
128;128;128;128;255;252;204;128;
128;128;128;128;186;181;190;128;
128;128;128;128;162;128;147;128;
132;128;128;128;144;130;157;130;
162;128;128;151;193;185;172;142;
128;128;128;133;173;163;134;128;
128;128;128;128;128;128;128;128;
128;128;128;128;128;128;128;128;
128;128;128;128;128;128;128;128;
128;128;128;128;128;128;128;128;
128;128;128;128;128;128;128;128;
128;128;128;128;128;128;128;128;
128;128;128;128;128;128;128;128;
128;128;128;128;128;128;128;128;
128;128;128;128;128;128;128;128;
128;128;128;128;128;128;128;128;
128;128;136;138;128;128;128;128;
128;128;128;128;128;128;128;128;
128;128;128;128;128;128;128;128;
128;128;128;128;128;128;128;128;
138;128;128;128;128;128;128;128;
128;128;128;128;128;128;128;128;
128;128;128;128;128;128;128;128;
133;128;128;128;128;128;128;128;
128;128;128;128;128;128;128;128;
128;128;128;128;128;128;128;128;
128;128;128;128;128;128;128;128;
128;128;128;128;128;130;129;128;
128;128;128;128;128;141;131;130;
128;130;133;128;128;128;128;128;
128;128;144;139;128;128;128;128;
128;128;128;128;128;128;130;132;
128;128;128;128;128;128;128;142;
128;128;128;128;128;128;128;152;
128;128;128;128;128;128;128;129;
128;128;128;128;128;128;128;128;
161;167;128;128;128;128;128;128;
128;131;128;128;128;128;128;128;
128;128;128;128;128;128;128;128;
128;128;129;128;128;128;128;128;
128;128;128;128;134;128;143;154;
128;128;145;128;149;148;178;156;
128;128;191;140;128;128;141;163;
128;128;133;128;128;128;128;128;
128;128;128;128;128;128;128;128;
128;128;128;128;128;128;128;128;
128;128;128;128;128;128;128;128;
128;128;128;128;128;128;128;128;
128;128;128;128;128;128;128;128;
128;128;128;128;128;128;128;128;
128;128;128;128;128;128;128;128;
128;128;128;128;128;128;128;128;
128;128;128;134;128;128;136;128;
146;128;128;128;128;128;128;128;
128;128;128;128;128;131;128;128;
129;128;136;140;130;128;128;128;
128;128;152;230;217;224;196;155;
128;128;181;255;255;216;193;128;
128;128;188;204;177;138;128;128;
128;128;153;168;169;157;128;128;
128;128;132;128;128;128;145;128;
128;128;128;128;128;128;151;148;
128;128;128;128;128;128;128;128;
128;128;128;128;128;128;128;128;
128;128;128;128;128;128;128;128;
128;128;128;128;128;128;128;128;
128;128;128;128;128;128;128;128;
128;128;128;128;128;128;128;128;
128;128;128;128;128;128;128;128;
128;128;128;128;128;128;128;128;
128;128;128;135;138;161;151;137;
128;128;128;154;175;178;139;128;
128;128;128;128;128;145;128;128;
128;128;128;128;128;128;128;128;
128;128;128;128;137;128;128;128;
132;128;128;128;128;128;128;128;
128;128;128;128;128;128;128;128;
128;128;128;128;128;128;128;128;
128;128;128;128;128;128;128;128;
128;128;128;128;128;128;128;128;
128;128;128;128;128;128;128;128;
128;128;128;128;128;128;128;128;
128;128;128;128;128;128;128;128;
128;128;128;128;128;128;128;128;
128;128;128;128;128;128;128;128;
128;128;128;128;128;128;128;128;
128;128;128;128;128;128;128;128;
128;128;128;128;128;128;128;128;
128;128;128;128;128;128;128;128;
128;128;128;128;128;128;128;128;
128;128;128;128;128;128;128;128;
128;128;128;128;128;128;128;128;
128;128;128;128;128;128;128;128;
128;128;128;128;128;128;128;128;
128;128;128;128;128;128;128;128;
128;128;128;128;128;128;128;128;
128;128;128;128;128;128;128;128;
128;128;128;128;128;128;128;128;
128;128;128;128;128;128;128;128;
128;128;128;128;128;128;128;128;
128;128;128;128;128;128;128;128;
128;128;128;128;128;128;128;128;
128;128;128;128;128;128;128;128;
128;128;128;128;128;128;128;128;
128;128;128;128;128;128;128;128;
128;128;128;128;128;128;128;128;
128;128;128;128;128;128;128;128;
128;128;128;128;128;128;128;128;
128;128;128;128;128;128;128;128;
128;128;128;128;128;128;128;128;
128;128;128;128;128;128;128;128;
128;128;128;128;128;128;128;128;
128;128;128;128;128;128;128;128;
128;128;128;128;128;128;128;128;
128;128;128;128;128;128;128;128;
128;128;128;128;128;128;128;128;
128;128;128;128;128;128;128;128;
128;128;128;128;128;128;128;128;
162;146;128;128;128;128;141;159;
128;128;128;128;128;128;128;128;
128;128;128;128;128;128;128;128;
128;128;128;128;128;128;128;128;
128;128;128;128;128;128;128;128;
128;128;128;135;139;146;136;128;
128;128;128;128;128;128;152;140;
128;128;128;128;131;132;143;128;
128;128;128;128;128;128;128;128;
128;128;128;128;128;128;128;128;
128;128;128;128;128;128;128;128;
128;128;128;128;128;128;128;128;
128;128;128;128;128;128;128;128;
128;128;128;128;128;128;128;128;
128;128;128;128;128;128;128;128;
128;128;128;128;128;128;128;128;
128;128;128;128;128;128;128;128;
128;128;128;128;128;128;128;128;
128;128;128;128;128;128;128;128;
128;128;128;128;128;128;128;128;
128;128;128;128;128;128;128;128;
128;128;128;128;128;128;128;128;
128;128;128;128;128;128;128;128;
128;128;128;128;128;128;128;128;
128;128;128;128;128;128;128;128;
128;128;128;128;128;128;128;128;
128;128;128;128;128;128;128;128;
128;128;128;128;128;128;128;128;
128;128;128;128;128;128;128;128;
128;128;128;128;128;128;128;128;
128;128;128;128;128;128;128;128;
128;128;128;128;128;128;128;128;
128;128;128;128;128;128;128;128;
128;128;128;128;128;128;128;128;
128;128;128;128;128;128;128;128;
128;128;128;128;128;128;128;128;
128;128;128;128;128;128;128;128;
128;128;128;128;128;128;128;128;
128;128;128;128;128;128;128;128;
128;128;128;128;128;128;128;128;
128;128;128;128;128;128;128;128;
128;128;128;128;128;128;128;128;
128;128;128;128;128;128;128;128;
128;128;128;128;128;128;128;128;
128;128;128;128;128;128;128;128;
128;128;128;128;128;128;128;128;
128;128;128;128;128;128;128;128;
128;128;128;128;128;128;128;128;
128;128;128;128;128;128;128;128;
128;128;128;128;128;128;128;128;
128;128;128;128;128;128;128;128;
128;128;128;128;128;128;128;128;
128;128;128;128;128;128;128;128;
128;128;128;128;128;128;128;128;
128;128;128;128;128;128;128;128;
128;128;128;128;128;128;128;128;
128;128;128;128;128;128;128;128;
128;128;128;128;128;128;128;128;
128;128;128;128;128;128;128;128;
128;128;128;128;128;128;128;128;
128;128;128;128;128;128;128;128;
128;128;128;128;128;128;128;128;
128;128;128;128;128;128;128;128;
128;128;128;128;128;128;128;128;
128;128;128;128;128;128;128;128;
128;128;128;128;128;128;128;128;
128;128;128;128;128;128;128;128;
128;128;128;128;128;128;128;128;
128;128;128;128;128;128;128;128;
128;128;128;128;128;128;128;128;
128;128;128;128;128;128;128;128;
128;128;128;128;128;128;128;128;
128;128;128;128;128;128;128;128;
128;128;128;128;128;128;128;128;
128;128;128;128;128;128;128;128;
128;128;128;128;128;128;128;128;
128;128;128;128;128;128;128;128;
128;128;128;128;128;128;128;128;
128;128;128;128;128;128;128;128;
128;128;128;128;128;128;128;128;
133;128;141;149;146;150;128;130;
132;128;128;128;143;158;134;157;
128;128;128;128;128;128;128;128;
128;128;128;128;128;128;128;128;
128;128;128;128;128;128;128;128;
128;128;128;128;128;128;128;128;
128;128;128;128;141;151;173;139;
128;128;128;128;128;128;128;128;
128;128;128;128;128;128;128;128;
128;128;128;128;128;128;128;128;
128;128;128;128;128;128;128;128;
128;128;128;128;128;128;128;128;
128;128;128;128;128;128;128;128;
128;128;128;128;128;128;128;128;
128;128;128;128;128;128;128;128;
128;128;128;128;128;128;128;128;
128;128;128;128;130;145;143;130;
128;159;152;175;184;189;156;133;
128;134;128;128;128;140;128;128;
128;128;128;128;128;128;128;128;
128;128;128;128;142;133;128;128;
128;128;128;128;128;128;128;128;
128;128;128;128;128;128;128;128;
128;128;128;128;128;128;128;128;
128;128;128;128;128;128;128;128;
128;128;128;128;128;128;128;128;
128;128;128;128;128;128;128;128;
128;128;128;128;128;128;128;128;
128;128;128;128;128;128;128;128;
128;128;128;128;128;128;128;128;
128;128;128;128;128;128;128;128;
128;128;128;128;128;128;128;128;
128;128;128;128;128;128;128;128;
128;128;128;128;128;128;128;128;
128;128;128;164;136;128;128;128;
128;128;150;200;180;128;128;128;
128;135;128;130;128;128;128;128;
128;128;128;128;128;128;128;128;
128;128;128;128;128;130;139;128;
128;128;128;128;128;128;128;128;
128;128;137;128;128;128;128;128;
135;128;132;128;128;128;128;128;
128;128;128;128;128;128;128;128;
128;128;128;128;128;128;128;128;
128;128;128;128;128;128;128;128;
128;128;128;128;128;128;128;128;
128;128;128;129;142;140;157;133;
128;128;128;134;138;128;132;128;
128;128;128;128;128;128;128;128;
128;128;128;128;128;128;128;128;
128;128;128;128;128;128;128;128;
128;128;128;128;128;128;128;128;
128;128;128;128;128;128;128;128;
128;128;128;128;128;128;128;128;
128;128;128;128;128;128;128;128;
128;128;128;128;128;128;128;128;
128;128;128;128;128;128;128;128;
128;128;128;128;128;128;128;128;
128;128;128;128;128;128;128;128;
128;128;128;128;128;128;128;128;
128;128;128;128;128;128;128;128;
128;128;128;128;128;128;128;128;
128;128;128;128;128;128;128;128;
128;128;128;128;128;128;128;128;
128;128;128;128;128;128;128;128;
128;128;128;128;128;128;128;128;
128;128;128;128;128;128;128;128;
128;128;128;128;128;128;128;128;
128;128;128;128;128;128;128;128;
128;128;128;128;128;128;128;128;
128;128;128;128;128;128;128;128;
128;128;128;128;128;128;128;128;
151;134;128;128;128;128;128;128;
129;128;128;128;128;128;128;128;
128;128;128;128;128;128;128;128;
128;128;128;128;128;128;128;128;
128;128;128;128;128;128;128;132;
128;128;128;128;128;128;140;155;
128;128;128;128;128;148;201;180;
128;128;128;128;163;187;198;174;
128;128;128;128;128;128;128;128;
128;128;128;128;128;132;162;128;
128;128;128;128;128;130;148;128;
128;128;128;128;128;128;128;128;
128;128;128;128;128;128;128;128;
128;128;128;128;128;128;128;128;
129;128;128;128;128;128;131;128;
128;128;128;128;128;128;128;128;
128;128;128;128;128;128;128;128;
128;128;128;128;128;128;128;128;
128;128;128;128;128;128;128;128;
128;128;128;128;128;128;128;128;
128;128;128;128;128;128;128;128;
128;128;128;128;128;128;128;128;
128;128;128;128;128;128;128;128;
128;128;128;128;128;128;128;128;
128;128;128;149;148;130;128;128;
128;128;159;169;136;128;128;128;
134;128;129;152;128;128;128;128;
135;128;128;128;128;128;128;128;
128;128;128;128;128;128;128;128;
128;128;128;128;136;128;128;128;
128;128;128;128;128;128;128;128;
128;128;128;128;128;128;128;128;
128;128;128;128;128;128;128;128;
128;128;128;128;128;128;128;128;
128;128;128;128;128;128;128;128;
128;128;128;128;128;128;128;128;
128;128;128;128;128;128;128;128;
128;128;128;128;128;128;128;128;
128;128;128;128;128;128;128;128;
128;128;128;128;128;128;128;128;
128;128;128;128;128;128;128;128;
128;128;128;128;128;128;128;128;
128;128;128;128;128;128;128;128;
128;128;128;128;128;128;128;128;
128;128;128;128;128;128;128;128;
128;128;128;128;128;128;128;128;
128;128;128;128;128;128;128;128;
128;128;128;128;128;128;128;128;
128;128;128;128;128;128;128;128;
128;128;128;128;128;128;128;128;
128;128;128;128;128;128;128;128;
128;128;128;128;128;128;128;128;
128;128;128;128;128;128;128;128;
128;128;128;128;128;128;128;128;
128;128;128;128;128;128;128;128;
128;128;128;128;128;128;128;128;
128;128;128;128;128;128;128;128;
128;128;128;128;128;128;128;128;
128;128;128;128;128;128;128;128;
128;128;128;128;128;128;128;128;
128;128;128;128;128;128;128;128;
128;128;128;128;128;128;128;128;
128;128;128;128;128;128;128;128;
128;128;128;128;128;128;128;128;
128;128;128;128;128;128;128;128;
128;128;128;128;128;128;128;128;
128;128;128;128;128;128;128;128;
128;128;128;128;128;128;128;128;
128;128;128;128;128;128;128;128;
128;128;128;128;128;128;128;128;
128;128;128;128;128;128;128;128;
128;128;128;128;128;128;128;128;
128;128;128;128;128;128;128;128;
128;128;128;128;128;128;128;128;
128;128;128;128;128;128;128;128;
128;128;128;128;128;128;128;128;
128;128;128;128;128;128;128;128;
128;128;128;128;128;128;128;128;
128;128;128;128;128;128;128;128;
128;128;128;128;128;128;128;128;
128;128;128;128;128;128;128;128;
128;128;128;128;128;128;128;128;
128;128;128;128;128;128;128;128;
128;128;128;128;128;128;128;128;
128;128;128;128;128;128;128;128;
128;128;128;128;128;128;128;128;
128;128;128;128;128;128;128;128;
128;128;128;128;128;128;128;128;
128;128;128;128;128;128;128;128;
128;128;128;128;128;128;128;128;
128;128;128;128;128;128;128;128;
128;128;128;128;128;128;128;128;
128;128;128;128;128;128;128;128;
128;128;128;128;128;128;128;128;
128;128;128;128;128;128;128;128;
128;128;128;128;128;128;128;128;
128;128;128;128;128;128;128;128;
128;128;128;128;128;128;128;128;
128;128;145;195;128;128;128;128;
128;128;128;128;128;128;128;141;
128;128;128;128;128;128;129;140;
128;128;128;128;128;128;138;128;
128;128;128;128;128;164;176;163;
128;128;128;146;154;144;155;156;
128;128;128;128;128;128;128;128;
128;128;128;128;128;128;128;128;
128;128;128;128;128;128;128;128;
128;128;128;128;128;128;128;128;
128;128;128;128;128;128;128;128;
128;128;128;128;128;128;128;128;
128;128;128;128;128;128;128;128;
128;128;128;128;128;128;128;128;
128;128;128;128;128;128;128;128;
128;128;128;128;128;128;128;128;
128;128;128;128;128;128;128;128;
128;128;128;128;128;128;128;128;
128;128;128;128;128;128;128;128;
128;128;128;128;128;128;128;128;
128;128;128;128;128;128;128;128;
128;128;128;128;128;128;128;128;
128;128;128;128;128;128;128;128;
128;128;128;128;128;128;128;128;
128;128;128;128;128;128;128;128;
128;128;128;128;128;128;128;128;
128;128;128;128;128;128;128;128;
128;128;128;128;128;128;128;128;
128;128;128;128;128;128;128;128;
128;128;128;128;128;128;128;128;
128;128;128;128;143;129;128;128;
128;128;128;128;128;128;128;128;
128;128;128;128;187;155;128;128;
128;128;128;128;128;128;128;128;
128;128;128;128;128;128;128;128;
128;128;128;128;128;128;134;128;
128;128;128;128;187;216;243;166;
128;128;128;139;176;150;172;128;
128;128;128;128;128;128;128;128;
128;128;128;128;128;128;128;128;
128;128;128;128;128;128;128;128;
128;128;128;128;128;128;128;128;
128;128;128;128;128;128;128;128;
128;128;128;128;128;128;128;128;
128;128;128;128;128;128;128;128;
128;128;128;128;128;128;128;128;
128;128;128;128;128;128;128;128;
128;128;128;128;128;128;128;128;
128;128;128;128;128;128;128;128;
128;128;128;128;128;128;128;128;
128;128;128;128;128;128;128;128;
128;128;128;128;128;128;128;128;
128;128;128;128;128;128;128;128;
128;128;128;128;128;128;128;128;
128;128;128;128;128;132;128;128;
128;128;128;128;181;225;184;128;
128;128;161;214;249;255;216;128;
128;151;202;206;199;200;190;128;
128;128;128;131;147;133;150;128;
128;128;128;128;128;128;128;128;
128;128;128;128;128;128;128;128;
128;134;128;128;128;128;128;128;
128;128;128;128;128;128;128;128;
128;128;128;128;128;128;128;128;
128;128;128;128;128;128;128;128;
128;128;128;128;128;128;128;128;
128;128;128;128;128;128;128;128;
128;128;128;128;128;128;128;128;
128;128;128;128;128;128;128;128;
128;128;128;128;128;128;128;128;
128;128;128;128;128;128;128;128;
128;128;128;128;128;128;128;128;
128;128;128;128;128;128;128;128;
128;128;128;128;128;128;128;128;
128;128;128;128;128;128;128;128;
128;128;128;128;128;128;128;128;
128;128;128;128;128;128;128;128;
128;128;128;128;128;128;128;128;
128;128;128;128;128;128;128;128;
128;128;128;128;128;128;128;128;
128;128;128;128;128;128;128;128;
128;128;128;128;128;128;128;128;
128;128;128;128;128;128;128;128;
128;128;128;128;128;128;128;128;
128;128;128;128;128;128;128;128;
128;128;128;128;128;128;132;128;
174;135;128;128;128;134;194;198;
162;128;128;128;128;128;188;170;
128;128;128;128;128;128;128;138;
128;128;128;128;128;128;128;128;
128;128;128;135;128;128;128;128;
128;128;128;128;128;128;128;128;
128;128;128;128;128;128;128;128;
128;128;128;128;128;132;171;137;
128;133;128;128;142;159;128;128;
128;128;128;128;128;128;128;128;
128;128;128;128;128;128;128;128;
128;128;128;128;128;128;128;128;
128;128;128;128;128;128;128;128;
128;128;128;128;128;128;128;128;
128;128;128;128;128;128;128;128;
128;128;128;128;128;128;128;128;
128;128;128;128;128;128;128;128;
128;128;128;128;128;128;128;128;
128;128;128;128;128;128;128;128;
128;128;128;128;128;128;128;128;
128;128;128;128;128;128;128;128;
128;128;128;128;128;128;128;128;
128;128;128;128;128;128;128;128;
128;128;128;128;128;128;128;128;
133;128;128;128;128;128;130;128;
128;128;128;128;128;128;128;128;
128;128;128;128;128;128;131;132;
128;128;128;128;128;128;128;128;
128;128;128;135;144;128;128;128;
128;128;128;134;144;145;150;128;
128;128;128;128;128;145;173;156;
128;128;151;140;129;131;152;128;
128;128;128;128;128;128;128;128;
128;128;128;128;128;128;128;128;
128;128;128;128;128;128;128;128;
128;128;128;128;128;128;128;128;
128;128;128;128;128;128;128;128;
128;128;128;128;128;128;128;128;
128;128;128;128;128;128;128;128;
128;128;128;128;128;128;128;128;
189;200;132;128;128;153;155;167;
128;128;128;128;128;128;128;128;
128;128;128;128;128;128;173;143;
128;128;128;128;128;128;152;130;
135;128;128;128;128;128;128;128;
128;128;128;141;160;132;145;128;
128;128;128;128;128;128;128;128;
128;128;128;128;143;154;159;155;
128;128;128;128;128;128;128;128;
128;128;128;128;128;128;128;128;
128;128;128;128;128;128;128;128;
128;128;128;128;128;128;128;128;
128;128;128;128;128;128;128;128;
128;128;128;128;128;128;128;128;
128;128;128;128;128;128;128;128;
128;128;128;128;128;128;128;128;
128;128;128;128;128;128;128;128;
128;128;128;128;128;128;128;128;
128;128;128;128;128;128;128;128;
128;128;128;128;128;128;143;128;
128;128;128;128;152;148;174;128;
128;128;128;143;155;128;140;128;
128;128;128;132;160;128;134;128;
128;128;128;133;159;151;150;131;
128;128;128;128;128;128;128;128;
128;128;128;147;128;135;170;128;
128;128;128;168;148;128;128;128;
128;128;128;128;128;128;128;163;
128;128;128;128;128;128;128;174;
128;128;128;128;128;128;128;128;
128;133;128;128;128;128;128;128;
128;130;128;128;128;128;128;128;
133;128;128;128;128;128;128;128;
155;164;162;128;128;128;128;128;
128;128;135;128;128;128;128;128;
128;128;128;128;128;128;128;128;
128;128;128;128;128;128;128;128;
128;128;128;128;128;128;128;128;
128;128;128;128;128;128;128;128;
128;128;128;128;128;128;128;128;
128;128;128;128;128;128;128;128;
128;128;128;128;128;128;128;128;
128;128;128;128;128;128;128;128;
128;128;128;128;128;128;128;128;
128;128;128;128;128;128;128;128;
128;128;128;128;128;128;128;128;
128;128;128;128;128;128;128;128;
128;128;128;128;128;128;128;128;
128;128;128;128;128;128;128;128;
128;128;128;128;128;128;128;128;
128;128;128;128;128;128;128;128;
128;128;128;128;128;128;128;128;
128;128;128;128;128;128;128;128;
128;128;128;128;128;128;128;128;
128;128;128;128;128;128;128;128;
128;128;128;128;128;128;128;128;
128;128;128;128;128;128;128;128;
128;128;128;128;128;128;128;128;
128;128;128;128;128;128;128;128;
128;128;128;128;128;128;128;128;
128;128;128;128;128;128;128;128;
128;128;128;128;128;128;128;128;
128;128;128;128;128;128;128;128;
128;128;128;128;128;128;128;128;
128;128;128;128;128;128;128;128;
128;128;128;128;128;128;128;128;
128;128;128;128;128;128;128;128;
128;128;128;128;128;128;128;128;
128;128;128;128;128;128;128;128;
128;128;128;128;128;128;128;128;
128;128;128;128;128;128;128;128;
128;128;128;128;128;128;128;128;
133;152;133;135;169;175;137;128;
145;184;167;154;172;196;197;161;
128;159;180;128;128;128;149;136;
128;146;160;149;139;145;151;135;
128;128;157;161;140;164;151;128;
132;139;163;162;141;139;136;128;
128;147;128;128;128;128;128;128;
168;179;128;128;128;128;128;128;
128;128;128;128;128;128;128;128;
128;128;128;128;128;128;128;128;
183;128;128;128;128;128;128;128;
145;128;128;128;128;128;128;128;
128;128;128;128;128;128;128;128;
128;128;128;128;128;128;128;128;
128;129;142;128;128;128;128;128;
128;134;170;128;128;128;128;128;
128;128;128;128;128;128;128;128;
128;133;128;128;145;147;135;134;
128;139;128;128;128;128;128;128;
128;128;128;128;128;128;128;128;
128;128;128;128;128;128;128;128;
128;128;128;128;148;138;128;128;
167;140;128;128;128;131;158;150;
128;128;128;128;128;128;128;128;
128;128;128;128;128;128;128;128;
128;128;128;128;128;128;128;128;
128;128;128;128;128;128;128;128;
128;128;128;128;128;128;128;128;
128;128;128;128;128;128;128;128;
128;128;128;128;128;128;128;128;
128;128;128;128;128;128;128;128;
128;128;128;128;128;128;128;128;
128;128;128;128;128;128;128;128;
128;128;128;128;128;128;128;128;
128;128;128;128;128;128;128;128;
128;128;128;128;128;128;128;128;
128;128;128;128;128;128;128;128;
128;128;128;128;128;128;128;128;
128;157;128;128;144;147;134;128;
128;128;137;128;130;148;151;128;
128;128;128;128;128;128;128;128;
128;128;128;128;128;128;128;128;
128;128;128;128;128;128;128;128;
128;128;128;128;128;128;128;128;
128;128;128;128;128;128;128;128;
128;128;128;128;128;128;128;128;
128;128;128;128;128;128;128;128;
128;128;128;128;128;128;128;128;
140;128;128;128;128;128;128;128;
147;128;128;128;128;128;128;128;
128;128;128;128;128;128;128;128;
128;128;128;128;128;128;128;128;
128;128;128;128;149;129;128;128;
128;128;128;141;163;163;170;145;
128;128;144;178;206;182;177;145;
128;128;128;128;135;135;142;136;
128;128;128;128;128;128;128;128;
128;128;128;128;128;128;128;128;
128;128;128;128;128;128;128;128;
128;128;128;128;128;128;128;128;
128;128;128;128;128;128;128;128;
128;128;128;128;128;128;128;128;
128;128;128;128;128;128;128;128;
128;128;128;128;128;128;128;128;
128;128;128;128;128;128;128;128;
128;128;128;128;128;128;128;128;
128;128;128;128;128;128;128;128;
128;128;128;128;128;128;128;128;
128;128;128;128;128;128;128;128;
128;128;128;128;128;128;128;128;
128;128;128;128;128;128;128;128;
128;128;128;128;128;128;128;128;
128;128;128;128;128;128;128;128;
128;128;128;128;128;128;128;128;
128;128;128;128;128;128;128;128;
128;128;128;128;128;128;128;128;
128;128;128;128;128;128;128;128;
128;128;128;128;128;128;128;128;
128;128;128;128;128;128;128;128;
128;128;128;128;128;128;128;128;
128;128;128;128;141;135;144;128;
128;128;155;128;128;128;128;128;
128;157;225;128;128;128;128;128;
128;165;218;172;128;128;128;128;
136;128;128;128;128;128;128;128;
128;128;128;128;128;129;128;128;
128;128;128;136;128;128;128;128;
128;128;128;143;128;128;128;128;
128;128;128;128;128;128;128;128;
128;128;128;128;128;128;128;128;
128;128;128;128;128;128;128;128;
128;128;128;128;128;128;128;128;
128;128;128;128;128;128;128;128;
128;128;128;128;128;128;128;128;
128;128;128;128;128;128;128;128;
128;128;128;128;128;128;128;128;
128;128;128;128;128;128;128;128;
128;128;128;128;128;128;128;128;
128;128;128;128;128;128;128;128;
128;128;128;128;128;128;128;128;
128;128;128;128;128;128;128;128;
128;128;128;128;128;128;128;128;
128;128;128;128;128;128;128;128;
128;128;128;128;128;128;128;128;
129;128;128;128;128;128;143;140;
162;128;128;128;130;128;153;136;
128;128;128;128;128;128;128;128;
128;128;128;128;128;128;128;128;
128;128;128;128;128;128;128;128;
128;128;128;128;128;128;128;128;
128;128;128;128;128;142;169;156;
128;128;128;128;142;157;177;152;
128;128;128;128;128;128;128;128;
128;128;128;128;128;128;128;128;
128;128;128;128;128;128;128;128;
128;128;128;128;128;128;128;128;
128;128;128;128;128;128;128;128;
128;128;128;128;128;128;128;128;
128;128;128;128;128;128;128;128;
128;128;128;128;128;128;128;128;
128;128;128;128;128;128;128;128;
128;128;128;128;128;128;128;128;
128;128;128;128;128;128;128;131;
128;128;128;128;128;158;128;136;
128;128;128;142;155;149;128;128;
128;128;128;135;159;172;145;128;
128;128;128;128;150;164;167;128;
128;128;128;128;128;128;128;128;
128;128;128;128;140;192;156;146;
148;128;162;184;175;242;255;255;
129;146;143;151;142;171;173;160;
130;128;128;128;128;128;128;142;
148;138;128;128;128;128;128;128;
128;128;128;128;128;128;128;128;
128;128;128;128;128;128;128;128;
128;128;128;128;128;128;128;128;
128;128;128;128;128;128;128;128;
128;128;128;128;128;128;128;128;
128;137;128;128;128;128;128;128;
128;128;128;128;128;128;128;128;
128;128;128;128;128;128;128;128;
128;128;128;128;128;128;128;128;
128;128;128;128;128;128;139;140;
128;128;145;165;153;128;128;128;
162;181;185;231;255;255;251;218;
133;137;131;157;195;226;180;186;
128;128;128;128;164;176;128;128;
128;128;128;128;128;128;128;128;
128;128;128;128;128;128;128;128;
128;128;128;128;128;128;128;128;
128;128;128;128;128;128;128;128;
128;128;128;128;128;128;128;128;
128;128;128;128;128;128;128;128;
128;128;128;128;128;128;128;128;
128;128;128;128;128;128;128;128;
128;128;128;128;128;128;128;128;
128;128;128;128;128;128;128;128;
128;128;128;128;128;128;128;128;
128;128;128;128;128;128;128;128;
128;128;128;128;128;128;128;128;
128;128;128;128;128;128;128;128;
128;128;128;128;128;128;128;128;
128;128;128;128;128;128;128;128;
128;128;128;128;128;128;128;128;
128;128;128;128;128;128;128;128;
128;128;128;128;128;128;128;128;
128;128;128;128;128;128;128;128;
128;128;128;128;128;128;128;128;
128;128;128;128;128;128;128;128;
128;128;128;138;128;128;128;128;
128;137;178;150;128;128;128;128;
128;128;128;128;128;128;128;128;
128;128;128;128;128;128;128;128;
128;128;128;128;128;128;128;128;
128;128;128;128;128;128;128;128;
128;128;128;128;128;128;141;128;
128;128;128;128;128;131;128;128;
128;128;128;128;128;128;128;137;
128;128;128;128;128;128;128;128;
159;128;128;128;128;153;128;128;
143;128;134;165;168;199;199;138;
142;128;137;188;179;163;147;131;
128;128;128;130;128;128;128;128;
128;128;128;128;128;128;128;128;
128;131;149;131;128;128;128;128;
128;128;137;128;128;128;128;128;
129;128;128;128;128;128;128;128;
128;128;128;128;128;128;145;145;
139;142;136;135;146;138;142;161;
137;128;128;128;128;128;128;128;
128;128;128;128;128;128;128;128;
128;128;128;128;128;128;128;128;
128;128;128;128;128;128;128;128;
128;128;128;128;128;128;128;128;
128;128;128;128;128;128;128;128;
128;128;128;128;128;128;128;128;
128;128;128;128;128;128;128;128;
128;128;128;128;128;128;128;128;
128;128;128;128;128;128;128;128;
128;128;128;128;128;128;128;128;
128;128;128;128;128;128;128;128;
128;128;128;128;128;128;128;128;
128;128;128;128;128;128;128;128;
128;128;128;128;128;128;128;128;
128;128;128;128;128;128;128;128;
128;128;128;128;128;128;128;128;
128;128;128;128;128;128;128;128;
128;128;128;128;128;128;128;128;
128;128;128;128;128;128;128;128;
128;128;128;128;128;128;128;128;
128;128;128;128;128;128;128;128;
128;128;128;128;128;128;128;128;
128;128;128;128;128;128;128;128;
128;128;128;128;128;128;128;128;
128;128;128;128;128;128;128;128;
128;128;128;128;128;128;128;128;
128;128;128;128;128;128;128;128;
151;150;170;150;128;128;128;128;
141;128;142;128;128;128;128;128;
128;128;128;128;128;128;128;128;
128;128;128;128;128;128;128;128;
128;128;128;128;128;128;128;128;
150;160;128;128;128;128;128;128;
166;179;182;128;128;128;134;151;
128;128;128;128;128;128;128;128;
128;128;128;128;128;128;128;128;
128;128;128;128;128;128;128;128;
128;128;128;128;128;128;128;128;
128;128;128;128;128;128;128;128;
128;128;128;128;144;145;128;128;
128;128;128;128;128;128;128;128;
128;131;128;128;128;128;128;128;
128;128;128;128;128;128;128;128;
128;128;128;128;128;128;128;128;
128;128;128;128;128;128;128;128;
128;128;128;128;128;128;128;128;
128;128;128;128;128;128;128;128;
128;128;128;128;128;128;128;128;
128;128;128;128;128;128;128;128;
128;128;128;128;128;128;128;128;
128;128;128;128;128;128;128;128;
128;128;128;128;128;128;128;128;
128;128;128;128;128;128;128;128;
128;128;128;128;128;128;128;128;
128;128;128;128;128;128;128;128;
128;128;128;128;128;128;128;128;
128;128;128;128;128;128;128;128;
128;128;128;128;128;128;128;128;
128;128;128;128;128;128;128;128;
128;128;128;128;128;128;128;128;
128;128;128;128;128;128;128;128;
128;128;128;128;128;128;128;128;
128;128;128;128;128;128;128;128;
128;128;128;128;128;128;128;128;
128;128;128;128;128;128;128;128;
128;128;128;128;128;128;128;128;
128;128;128;128;128;128;128;128;
128;128;128;128;128;128;128;128;
128;128;128;128;128;128;128;128;
128;128;128;128;128;128;128;128;
128;128;128;128;128;128;128;128;
128;128;128;128;128;128;128;128;
128;128;128;128;128;128;128;128;
128;128;128;128;128;128;128;128;
128;128;128;128;128;128;128;128;
128;128;128;128;128;128;128;128;
128;128;128;128;128;128;128;128;
128;128;128;128;128;128;128;128;
128;128;128;128;128;128;128;128;
128;128;128;128;128;128;128;128;
128;128;128;128;128;128;128;128;
128;128;128;128;128;128;128;128;
128;128;128;128;128;128;128;128;
128;128;128;128;128;128;128;128;
128;128;128;128;128;128;128;128;
128;128;128;128;128;128;128;128;
128;128;128;128;128;128;128;128;
128;128;128;128;128;128;128;128;
128;128;128;128;128;128;128;128;
128;128;128;128;128;128;128;128;
128;128;131;148;128;128;128;128;
128;128;128;128;128;128;128;128;
128;128;128;128;128;128;128;128;
128;128;128;128;128;149;137;128;
128;128;128;128;128;138;131;138;
128;128;128;128;128;128;128;128;
128;128;128;128;128;128;128;128;
128;128;128;128;162;137;136;128;
143;151;128;128;128;128;128;128;
132;128;128;128;128;128;128;128;
128;128;128;128;128;128;128;128;
128;128;128;128;128;128;128;128;
128;128;128;128;128;128;128;128;
128;128;128;128;128;128;128;128;
128;128;128;128;128;128;132;128;
128;128;128;128;135;131;138;128;
128;128;128;128;128;128;128;128;
128;128;128;128;128;128;128;128;
128;128;128;128;128;128;128;128;
128;128;128;128;128;128;128;128;
128;128;128;128;128;128;128;128;
128;128;128;128;128;128;128;128;
128;128;128;128;128;128;128;128;
128;128;128;128;128;128;128;128;
128;128;128;128;128;128;128;128;
128;128;128;128;128;128;128;128;
128;128;128;128;128;128;128;128;
128;128;128;128;128;128;128;128;
128;128;128;128;128;128;128;128;
128;128;128;128;128;128;128;128;
128;128;128;128;128;128;128;128;
128;128;128;128;128;128;128;128;
128;128;128;128;128;128;128;128;
128;128;128;128;128;128;128;128;
128;128;128;128;128;128;128;128;
128;128;128;128;128;128;128;128;
128;128;128;128;128;128;128;128;
128;128;128;128;128;128;128;128;
128;128;128;128;128;128;128;128;
128;128;128;128;128;128;128;128;
128;128;128;128;128;128;128;128;
128;128;128;128;128;128;128;128;
128;128;128;128;128;128;128;128;
128;128;128;128;128;128;128;128;
128;128;128;128;128;128;128;128;
128;128;128;128;128;128;128;128;
128;128;128;128;128;128;128;128;
128;128;128;128;128;128;128;128;
128;128;128;128;130;128;128;128;
128;128;128;128;128;128;128;128;
128;128;128;128;128;128;128;128;
128;128;128;128;128;128;128;128;
128;128;128;128;128;128;128;128;
128;128;128;128;128;128;128;128;
128;128;128;128;134;128;128;128;
128;128;128;128;128;128;128;128;
128;128;128;128;128;128;128;128;
128;128;128;128;128;128;128;128;
128;128;128;128;128;128;128;128;
128;128;128;128;128;128;128;128;
128;128;128;128;128;128;128;128;
128;128;128;128;128;128;128;128;
128;128;128;128;128;128;128;128;
128;128;128;128;128;128;128;128;
128;128;128;128;128;128;128;128;
128;128;128;128;128;128;128;128;
128;128;128;128;128;128;128;128;
128;128;128;128;128;128;128;128;
128;128;128;128;128;128;128;128;
128;128;128;128;128;128;128;128;
128;128;128;128;128;128;156;128;
128;128;128;128;128;128;141;128;
133;190;140;128;128;154;137;166;
128;171;142;128;128;128;128;147;
128;128;128;128;148;128;128;128;
128;128;128;128;128;128;128;128;
128;128;128;128;128;128;128;128;
128;128;128;128;128;128;128;128;
128;128;128;128;128;128;162;161;
128;128;128;128;139;152;183;152;
128;128;128;128;128;128;128;128;
128;128;128;128;128;128;128;128;
128;128;128;128;128;128;128;128;
128;128;128;128;128;128;128;128;
128;128;128;128;128;128;128;128;
128;128;128;128;128;128;128;128;
128;128;128;128;128;128;128;128;
128;128;128;128;128;128;128;128;
128;128;128;128;128;128;128;128;
128;128;128;128;128;128;128;128;
128;128;128;128;128;128;128;128;
128;128;128;128;128;128;128;128;
128;128;128;128;128;128;128;128;
128;128;128;128;128;128;128;128;
128;128;128;128;128;128;128;128;
128;128;128;128;128;128;128;128;
128;128;128;128;128;128;128;128;
128;128;128;128;128;128;128;128;
134;132;149;128;128;128;128;128;
128;128;128;128;128;128;128;128;
128;128;128;128;128;128;128;128;
128;128;128;128;128;128;128;128;
128;128;128;128;128;128;147;131;
128;128;128;128;128;128;129;128;
128;128;128;128;128;128;128;128;
128;128;128;128;128;128;128;128;
128;128;128;128;128;128;128;128;
128;128;128;128;128;128;128;128;
128;128;128;128;128;128;128;128;
128;128;128;128;128;128;128;128;
128;128;128;128;128;128;128;128;
128;128;128;128;128;128;128;128;
128;128;128;128;128;128;128;128;
128;128;128;128;128;128;128;128;
128;128;128;128;128;128;128;128;
128;128;128;128;128;128;128;128;
128;128;128;128;128;128;128;128;
128;128;128;128;128;128;128;128;
128;128;128;128;128;128;128;128;
128;128;128;128;128;133;138;128;
132;128;128;128;128;128;128;128;
128;128;128;128;128;128;128;128;
131;128;128;128;128;128;128;128;
128;128;128;128;128;128;128;128;
128;128;128;128;140;128;128;128;
128;128;128;128;130;128;128;128;
128;128;131;133;128;128;128;128;
128;128;128;128;128;128;140;128;
128;128;128;128;128;128;128;128;
128;128;128;128;128;128;128;128;
128;128;128;128;128;128;128;128;
128;128;128;128;128;128;128;128;
128;128;128;128;128;128;128;128;
128;128;128;128;128;128;128;128;
128;128;128;128;128;128;128;128;
128;128;128;128;128;128;128;128;
128;128;128;128;128;128;128;128;
128;128;128;128;128;128;128;128;
128;128;128;128;128;128;128;128;
128;128;128;128;128;128;128;128;
128;128;128;128;128;128;128;128;
128;128;128;128;128;128;128;128;
128;128;128;128;128;128;128;128;
128;128;128;128;128;128;128;128;
128;128;128;128;128;128;128;128;
128;128;128;128;128;128;128;128;
128;128;128;128;128;128;128;128;
128;128;128;128;128;128;128;128;
128;128;128;128;128;128;128;128;
128;128;128;128;128;128;128;128;
128;128;128;128;128;128;128;128;
128;128;128;128;128;128;128;128;
128;128;128;128;128;128;128;128;
128;128;128;128;128;128;128;128;
128;128;128;128;128;128;128;128;
128;128;128;128;128;128;128;128;
128;128;128;128;128;128;128;128;
128;128;128;128;128;128;128;128;
128;128;128;128;128;128;128;128;
128;128;128;128;128;128;128;128;
128;128;128;128;128;128;128;128;
128;128;128;128;128;128;128;128;
128;128;128;128;128;128;128;128;
128;128;128;128;128;128;128;128;
128;128;128;128;128;128;128;128;
128;128;128;128;128;128;128;128;
128;128;128;128;128;128;128;128;
128;128;128;128;128;128;128;128;
128;128;128;128;128;128;128;128;
128;135;134;128;128;128;128;128;
128;130;149;128;128;128;128;128;
128;128;128;128;128;128;128;128;
128;128;128;128;128;128;128;128;
128;128;128;128;128;128;128;128;
128;128;128;128;128;128;128;128;
128;128;128;128;128;128;128;139;
128;128;128;128;128;128;128;128;
175;166;135;128;128;128;128;157;
136;128;128;128;128;128;128;128;
128;128;128;129;128;128;128;128;
128;128;128;128;128;128;128;128;
128;128;128;128;128;128;128;128;
128;128;128;128;128;128;128;128;
128;128;128;128;128;128;142;148;
128;128;128;128;128;128;128;128;
128;128;128;128;128;128;128;128;
128;128;128;128;128;128;128;128;
128;128;128;128;128;128;128;128;
128;128;128;128;128;128;128;128;
128;128;128;128;128;128;128;128;
128;128;128;128;128;128;128;128;
128;128;128;128;128;128;128;128;
128;128;128;128;128;128;128;128;
128;128;128;140;128;128;128;128;
128;128;128;128;128;128;128;128;
128;128;166;164;138;128;128;128;
128;133;132;136;152;128;144;128;
128;130;128;131;148;128;133;128;
128;128;128;128;128;128;128;128;
128;128;128;128;128;128;128;128;
128;128;128;128;128;128;128;128;
128;128;128;128;128;128;128;128;
128;128;128;128;128;128;128;128;
128;128;128;128;128;128;128;128;
128;128;128;128;128;128;128;128;
128;128;128;128;128;128;128;128;
128;128;128;128;128;128;128;128;
128;128;128;128;128;128;128;128;
128;128;128;128;128;128;128;128;
128;128;128;128;128;128;128;128;
128;128;128;128;128;128;128;128;
128;128;128;128;128;128;128;128;
128;128;128;128;128;128;128;128;
128;128;128;128;128;128;128;128;
128;128;128;128;128;128;128;128;
128;128;128;128;128;128;128;128;
128;128;128;128;128;128;128;128;
128;128;128;128;128;128;128;128;
128;128;128;128;128;128;128;128;
128;128;128;128;128;128;128;128;
128;128;128;128;128;128;128;128;
128;128;128;128;128;128;128;128;
128;128;128;128;128;128;128;128;
128;128;128;128;128;128;128;128;
128;128;128;128;128;128;128;128;
128;128;128;128;128;128;128;128;
128;128;128;128;128;128;128;128;
128;128;128;128;128;128;128;128;
128;128;128;128;128;128;128;128;
128;128;128;128;128;128;128;128;
128;128;128;128;128;128;128;128;
128;128;128;128;128;128;128;128;
128;141;151;128;128;128;128;128;
128;128;128;128;128;128;128;128;
128;128;128;128;128;128;128;128;
137;139;140;128;128;128;128;128;
165;128;139;128;128;128;128;133;
135;128;169;163;169;128;142;128;
181;177;241;214;173;128;128;128;
155;152;154;128;128;128;128;128;
136;136;128;128;128;128;128;128;
128;128;128;128;128;128;128;128;
128;128;128;128;128;128;128;128;
128;160;129;128;128;128;128;128;
128;128;128;128;128;128;128;128;
128;128;128;128;128;128;128;128;
128;128;128;128;128;128;128;128;
128;128;128;128;128;128;128;128;
128;128;128;128;128;128;128;128;
128;128;128;128;128;128;128;128;
128;128;128;128;128;128;128;128;
128;128;128;128;128;128;128;128;
128;128;128;128;128;128;128;128;
128;128;128;128;128;128;128;128;
128;128;128;128;128;128;128;128;
128;128;128;128;128;128;128;128;
128;128;128;128;128;128;128;128;
128;128;128;128;128;128;128;128;
128;128;128;128;128;128;128;128;
128;128;128;128;128;128;130;128;
128;128;128;128;128;128;160;128;
128;128;128;128;128;128;128;128;
128;128;128;128;128;128;128;128;
128;128;128;128;128;128;128;128;
128;128;128;128;128;128;128;128;
128;128;128;128;128;128;128;128;
128;128;128;128;128;128;128;128;
128;128;128;128;128;128;128;128;
128;128;128;128;128;128;128;128;
128;128;128;128;128;128;128;128;
128;128;128;128;128;128;128;128;
128;128;128;128;128;128;128;128;
129;128;131;136;129;128;128;129;
128;128;128;128;128;128;128;133;
128;128;129;128;128;128;128;134;
128;128;128;128;128;128;128;128;
128;128;128;128;128;128;128;128;
128;128;128;128;128;145;155;128;
128;128;128;147;136;144;169;131;
128;128;128;128;128;128;136;128;
128;128;128;128;128;128;128;128;
128;128;128;128;128;128;128;128;
128;128;128;128;128;128;128;128;
128;128;128;128;128;128;128;128;
128;128;128;128;128;128;128;128;
128;128;128;128;128;128;128;128;
128;128;128;128;128;128;128;128;
128;128;128;128;128;128;128;128;
128;128;128;128;128;128;128;128;
128;128;128;128;128;128;128;128;
128;128;128;128;128;128;128;128;
128;128;128;128;128;128;128;128;
128;128;128;128;128;128;128;128;
128;128;128;128;128;128;128;128;
128;128;128;128;128;128;128;128;
128;128;128;128;128;128;128;128;
128;128;128;128;128;128;128;128;
128;128;128;128;128;128;128;128;
128;128;128;128;128;128;128;128;
128;128;128;128;128;128;128;128;
128;128;128;128;128;130;128;128;
128;128;128;128;128;128;128;128;
131;128;128;128;128;128;128;128;
128;128;128;128;128;128;128;128;
128;128;128;128;128;128;128;128;
128;128;128;128;128;128;128;128;
128;128;128;128;128;128;128;128;
128;128;128;128;128;128;128;128;
128;128;128;128;128;128;128;128;
128;128;128;128;128;128;128;128;
128;128;128;128;128;128;128;128;
128;128;128;128;128;128;128;128;
174;158;128;128;128;142;157;165;
128;128;128;128;128;128;128;128;
128;128;128;128;128;128;128;128;
128;128;128;128;128;128;128;128;
128;128;128;128;128;128;128;128;
128;128;128;128;142;152;156;128;
128;128;128;128;128;133;144;144;
128;128;128;128;139;154;159;149;
128;128;128;128;128;128;128;128;
128;128;128;128;128;128;128;128;
128;128;128;128;128;128;128;128;
128;128;128;128;128;128;128;128;
128;128;128;128;128;128;128;128;
128;128;128;128;128;128;128;128;
128;128;128;128;128;128;128;128;
128;128;128;128;128;128;128;128;
128;128;128;128;128;128;128;128;
128;128;128;128;128;128;128;128;
128;128;128;128;128;128;128;128;
128;128;128;128;128;128;128;128;
128;128;128;128;128;128;128;128;
128;128;128;128;128;128;128;128;
128;128;128;128;128;128;128;128;
128;128;128;128;128;128;128;128;
128;128;128;128;128;128;128;128;
128;128;128;128;128;128;128;128;
128;128;128;128;128;128;128;128;
128;128;128;128;128;128;128;128;
128;128;128;128;128;128;128;128;
128;128;128;128;128;128;128;128;
128;128;128;128;128;128;128;128;
128;128;128;128;128;128;128;128;
162;188;171;128;128;128;163;154;
157;145;128;128;128;128;128;128;
160;128;128;128;128;128;128;128;
163;128;128;128;128;128;128;128;
169;161;171;164;128;156;172;157;
130;128;134;128;128;128;128;128;
128;128;128;128;128;128;128;128;
128;128;128;128;128;128;128;128;
128;128;128;128;128;128;128;128;
128;128;128;128;128;128;128;128;
128;128;128;128;128;128;128;128;
128;128;128;128;128;128;128;128;
128;128;128;128;128;128;128;128;
128;128;128;128;128;128;128;128;
128;128;128;128;128;128;128;128;
128;128;128;128;128;128;128;128;
156;159;169;143;158;185;171;128;
147;209;188;142;134;150;164;128;
139;162;136;128;131;128;128;128;
128;128;128;128;128;128;128;128;
128;128;128;128;128;128;128;128;
128;128;128;128;128;128;128;139;
128;128;128;128;128;128;128;128;
128;128;128;128;128;128;128;128;
128;128;128;128;128;128;128;128;
128;128;128;128;128;128;128;128;
128;128;128;128;128;128;128;128;
128;128;128;128;128;128;128;128;
128;128;128;128;128;128;128;128;
128;128;128;128;128;128;128;128;
128;128;128;128;128;128;128;128;
128;128;128;128;128;128;128;128;
128;128;128;128;128;128;128;128;
128;128;128;128;128;128;128;128;
128;128;128;128;128;128;128;128;
128;128;128;128;128;128;128;128;
128;128;128;128;128;128;128;128;
128;128;128;128;128;128;128;128;
128;128;128;128;128;128;128;128;
128;128;128;128;128;128;128;128;
128;128;128;128;128;128;128;128;
128;128;128;128;128;128;128;128;
128;128;128;128;128;128;128;128;
128;128;128;128;128;128;128;128;
128;128;128;128;128;128;128;128;
128;128;128;128;128;128;128;128;
128;128;128;128;128;128;128;128;
128;128;128;128;128;128;128;128;
128;128;128;128;128;128;128;128;
128;128;128;128;128;128;128;128;
128;128;128;128;128;128;128;128;
128;128;128;128;128;128;128;128;
128;128;128;128;128;128;128;128;
128;128;128;128;128;128;128;128;
128;128;128;128;128;128;128;128;
128;128;128;128;128;128;128;128;
128;128;128;128;128;128;128;128;
128;128;128;128;128;128;128;128;
128;128;128;128;128;128;128;128;
128;128;128;128;128;128;128;128;
128;128;128;128;128;128;128;128;
128;128;128;128;128;128;128;128;
128;128;128;128;128;128;128;128;
128;128;128;128;128;128;128;128;
128;128;128;128;128;129;128;128;
128;128;128;128;128;128;128;128;
128;128;128;128;128;128;128;128;
128;128;128;128;148;128;128;128;
128;128;128;128;128;128;128;128;
128;128;128;128;128;128;128;128;
128;128;128;128;128;128;128;128;
128;128;128;128;128;128;128;128;
128;128;128;128;128;128;128;128;
128;128;128;128;128;128;128;128;
128;128;128;128;128;128;128;128;
128;128;128;128;128;128;128;128;
128;128;128;128;128;128;128;128;
128;128;128;128;128;128;128;128;
128;128;128;128;128;128;128;128;
128;128;128;128;128;128;128;128;
128;128;128;128;128;128;128;128;
128;128;128;128;128;128;128;128;
128;128;128;128;128;128;128;128;
128;128;128;128;128;128;128;128;
128;128;128;128;128;128;128;128;
128;128;128;128;128;128;128;128;
128;128;128;128;128;128;128;128;
128;128;128;128;128;128;128;128;
128;128;128;128;128;128;128;128;
128;128;128;128;128;128;128;128;
128;128;128;128;128;128;128;128;
128;128;128;128;128;128;128;128;
128;128;128;128;128;128;128;128;
128;128;128;128;128;134;128;131;
128;128;128;128;128;143;159;176;
128;128;128;128;128;138;148;128;
128;128;128;128;128;128;128;128;
128;128;128;128;128;128;128;128;
128;128;128;128;128;128;128;128;
128;128;128;128;128;128;128;128;
128;128;128;128;128;128;128;128;
128;128;128;128;128;128;128;128;
128;128;128;128;128;128;128;128;
128;128;128;128;128;128;128;128;
128;128;159;178;173;164;150;139;
128;128;128;128;154;171;160;141;
128;128;128;128;128;128;128;128;
128;128;128;128;128;128;128;128;
128;128;128;128;128;128;128;128;
128;128;128;128;128;128;128;128;
128;128;128;128;128;128;128;128;
128;128;128;128;128;128;128;128;
128;128;128;128;128;128;128;128;
136;128;128;128;128;128;128;150;
128;128;128;128;128;128;128;135;
128;128;128;128;128;128;128;128;
128;128;128;128;128;128;128;128;
128;128;128;138;164;180;161;132;
128;128;136;167;221;200;186;169;
128;128;128;128;143;153;139;131;
128;128;128;128;128;128;128;128;
128;128;128;128;128;128;128;128;
128;128;128;128;128;128;128;128;
128;128;128;128;128;128;128;128;
128;128;128;128;128;128;128;128;
128;128;128;128;128;128;128;128;
128;128;128;128;128;128;128;128;
128;128;128;128;128;128;128;128;
131;164;182;169;164;128;167;161;
172;218;200;128;128;128;139;146;
131;134;128;128;128;128;128;128;
128;154;128;128;128;128;128;128;
143;205;201;155;128;140;145;136;
147;150;145;128;128;128;128;128;
128;128;128;128;128;128;128;128;
128;128;128;128;128;128;128;128;
128;128;128;128;128;128;128;128;
128;128;128;128;128;128;128;128;
128;128;128;128;128;128;128;128;
128;128;128;128;128;128;128;128;
128;128;128;128;128;128;128;128;
128;128;128;128;128;128;128;128;
128;128;128;128;128;128;128;128;
128;128;128;128;128;128;128;128;
128;128;128;128;128;128;128;128;
128;128;128;128;128;128;128;128;
128;128;128;128;128;128;128;128;
128;128;128;128;128;128;128;128;
128;128;128;128;128;128;128;128;
128;128;128;128;128;128;128;128;
128;128;128;128;128;128;128;128;
128;128;128;128;128;128;128;128;
128;128;128;128;128;128;128;128;
128;128;128;128;128;128;128;128;
128;128;128;128;128;128;128;128;
128;128;128;128;128;128;128;128;
128;128;128;128;128;128;128;128;
128;128;128;128;128;128;128;128;
128;128;128;128;128;128;128;128;
128;128;128;128;128;128;128;128;
128;128;128;134;128;128;128;139;
128;128;128;130;128;128;128;128;
128;128;128;134;133;128;128;128;
128;128;128;135;143;128;128;128;
128;128;128;128;128;128;128;128;
128;128;128;128;128;128;128;128;
128;128;128;128;128;128;128;128;
128;128;128;128;128;128;134;133;
128;128;128;128;128;128;128;128;
138;128;128;128;128;128;128;128;
129;128;128;128;128;128;129;128;
128;128;128;128;128;128;128;128;
128;128;128;128;128;128;128;128;
128;128;128;128;128;128;128;128;
128;128;128;128;128;128;133;128;
128;128;128;128;128;128;128;128;
128;128;128;157;161;159;134;128;
128;128;128;128;128;128;128;128;
144;128;128;128;128;128;128;128;
128;128;128;128;128;128;128;128;
128;128;128;128;128;128;128;128;
128;128;128;128;128;128;128;128;
128;128;140;128;128;128;128;128;
128;128;142;128;131;128;128;128;
128;128;128;128;128;128;128;128;
128;128;128;128;128;128;128;128;
128;128;128;128;128;128;128;128;
128;128;128;128;128;128;128;128;
128;128;128;128;128;128;128;128;
128;128;128;128;128;128;128;128;
128;128;128;128;128;128;128;128;
128;128;128;128;128;128;128;128;
128;128;128;128;128;128;128;128;
128;128;128;128;128;128;128;128;
128;128;128;128;128;128;128;128;
128;128;128;128;128;128;128;128;
128;128;128;128;128;128;128;128;
128;128;128;128;128;128;128;128;
128;128;128;128;128;128;128;128;
128;128;128;128;128;128;128;128;
128;147;154;171;128;128;128;128;
128;128;128;141;128;128;128;128;
128;128;128;183;161;135;128;128;
128;128;128;128;139;179;140;128;
128;128;128;128;128;128;128;128;
128;128;128;128;128;128;128;128;
128;128;128;128;128;128;128;128;
128;128;128;157;128;128;128;128;
128;128;130;128;128;128;128;128;
128;128;130;135;130;128;128;128;
128;128;128;128;128;128;128;128;
128;128;128;128;128;128;128;128;
128;128;128;128;128;128;128;128;
128;128;128;128;128;128;128;128;
128;128;128;128;128;128;128;128;
128;128;128;128;128;128;128;128;
128;128;128;128;128;128;128;128;
128;128;128;128;128;128;128;128;
128;128;128;128;128;128;128;128;
128;128;128;128;128;128;128;128;
128;128;128;128;128;128;128;128;
128;128;128;128;128;128;128;128;
128;128;128;128;128;128;128;128;
128;128;128;128;128;128;128;128;
128;128;128;128;128;128;128;128;
128;128;128;128;128;128;128;128;
128;128;128;128;128;128;128;128;
128;128;128;128;128;128;128;128;
128;128;128;128;128;128;128;128;
128;128;128;128;128;128;128;128;
128;128;128;128;128;128;128;128;
128;128;128;128;128;128;128;128;
128;128;128;128;128;128;128;128;
128;128;128;128;128;128;128;128;
128;128;128;128;128;128;128;128;
128;128;128;128;128;128;128;128;
128;128;128;128;128;128;128;128;
128;128;128;128;128;128;128;128;
128;128;128;128;128;128;128;143;
128;128;128;128;128;151;168;147;
